100 100
61 20 44 62 5 -7 -58 24 96 -30 -73 90 40 -13 9 76 -21 4 -13 -6 12 29 12 -54 33 89 -63 22 -82 -15 60 -4 93 -65 -4 -96 46 46 -60 -7 66 -75 -93 -20 81 -82 -84 -14 -98 -46 45 64 -82 -56 71 -22 -21 -49 -11 53 75 56 90 39 -64 -19 -27 61 -59 -5 -43 58 82 -43 -89 76 -86 20 -18 5 82 -97 96 35 70 30 86 53 39 27 -73 -33 -23 -79 -40 -15 -17 6 77 -63 
22 40 -86 -53 56 -73 -3 -14 -10 80 -57 -90 50 28 0 49 95 51 -42 -13 -21 59 -31 -67 -91 -25 83 -76 -12 73 56 9 -47 88 33 45 -9 1 99 43 -31 82 97 90 -96 84 -24 35 44 87 58 49 67 -44 -24 60 -78 -80 66 69 -36 41 -34 -45 17 58 85 99 -15 39 87 -80 55 30 -30 -3 -55 -90 1 -75 75 44 95 -83 -76 55 93 -92 43 28 61 95 42 91 -10 -31 -61 -62 -44 28 
-8 -19 66 39 35 -88 -54 20 -57 -4 65 -97 51 66 -42 17 26 0 -9 -31 -8 27 61 -65 -74 89 -89 36 -12 81 70 -43 13 -85 62 -10 58 20 -31 -71 -90 73 -84 98 -60 25 -63 -63 82 92 -70 -31 35 72 45 -26 -5 2 84 71 97 -44 40 -6 45 -30 -79 -59 58 -38 -58 -68 8 50 55 -8 20 81 -51 -27 58 -35 35 -2 0 -81 -27 -87 15 -35 85 -92 -80 36 35 -65 79 83 -55 -4 
-58 -67 38 -87 -16 44 26 -75 -23 -18 -53 10 -73 33 60 -64 -59 -48 -34 49 14 -35 -5 11 44 19 96 -90 50 55 42 -21 -15 17 22 3 -44 -79 47 -91 -78 20 -87 6 -51 62 55 48 20 -72 -69 3 35 7 -94 -3 -26 -81 40 -63 -14 -91 97 3 -36 3 -49 -6 -92 12 -76 -15 -81 1 -98 99 57 -15 80 73 -23 87 -36 -20 17 -51 -79 -99 37 84 1 27 86 -80 57 -80 -71 21 -83 81 
-33 -31 29 -10 -73 0 85 -21 -72 -3 78 -84 19 64 -29 -29 95 -10 19 99 -16 -44 -75 29 -64 -5 78 31 30 -79 -80 -46 -1 -98 -6 -93 -94 76 3 -36 -59 32 9 87 -11 -17 -36 -94 23 -81 31 14 -82 42 -60 -64 39 74 5 -38 78 55 -64 50 -30 -35 -85 -52 88 -17 -73 -89 -93 96 4 -52 34 -80 -19 -73 43 -1 -34 19 -84 47 -18 -59 12 97 -31 13 -27 -55 -40 -93 -85 -70 -9 -85 
-2 98 -42 97 77 82 65 27 87 32 -89 66 70 -89 -31 -69 68 45 40 -90 4 3 -73 78 36 -53 60 46 -42 0 78 90 -12 -52 54 55 79 -16 -97 44 -60 -96 85 41 72 16 -34 -25 54 -63 -90 87 10 24 0 53 -56 63 -81 -2 -24 70 -29 89 -85 -19 -44 41 62 55 4 -31 -77 -63 66 27 -7 -93 18 -95 58 47 -82 -75 -44 -63 30 23 -3 -25 -78 81 -64 -60 -50 -77 -53 80 77 -78 
-50 -67 -20 63 -79 63 -33 -64 51 -11 -24 -78 -47 31 -86 44 -92 -91 2 -82 -93 7 -75 -68 -59 -24 99 -28 20 62 -2 6 -81 -46 93 -47 49 -64 -73 -60 86 21 13 93 -29 -79 -6 -35 15 12 -52 84 -6 3 93 -93 -8 0 -75 -74 0 -15 84 38 -16 84 59 -50 -79 -45 71 77 -24 71 -44 -70 -23 -17 15 82 -65 2 74 5 11 0 28 -1 2 -83 31 -11 86 -43 -88 -27 -8 6 73 -76 
-80 67 34 -54 37 97 33 0 -40 94 90 95 -91 95 24 14 75 -6 -2 -2 -44 57 66 75 44 -58 -42 -61 -32 -77 -32 -66 -54 -29 -57 43 40 73 41 89 98 91 -24 88 -91 -30 44 14 5 -5 -14 -28 66 71 -31 -93 70 -12 -82 10 -45 70 -54 -22 -19 -86 -21 -29 17 -74 85 -35 95 -8 -47 57 -68 -2 -43 40 -27 42 -4 60 54 73 30 37 16 -47 -53 5 69 -8 76 38 -4 97 -38 53 
-96 71 23 63 38 9 19 -58 47 35 85 29 -6 90 -70 -54 74 77 -18 65 21 15 91 -23 -16 82 57 1 83 62 47 97 -87 -3 -80 28 -38 -78 83 4 27 69 17 -47 47 -57 71 99 47 -46 85 -27 -23 66 66 66 48 55 -62 -15 -44 51 -22 -3 92 72 87 45 -47 -78 -7 22 37 61 39 13 47 49 59 -88 -82 53 51 -8 -34 36 47 41 -81 -2 16 -76 89 -55 59 69 -94 14 46 53 
-34 58 -74 44 36 -58 -83 82 86 -21 0 -12 -10 25 17 -76 65 44 94 88 94 -95 -56 22 -96 -5 -49 -12 -3 92 -78 -71 31 87 70 -38 -69 70 -83 -22 89 -28 -14 46 21 18 8 90 -23 27 -25 44 43 -71 -53 -92 5 -18 64 -98 -72 -34 -88 6 91 66 -8 11 -67 94 -57 -25 95 46 98 -89 87 56 72 -92 99 -69 88 -41 15 78 -34 -11 -49 67 95 -39 -86 58 84 71 28 45 -62 -29 
66 -4 -37 18 98 70 72 40 53 -29 9 -58 33 -4 -93 -82 14 29 -47 -31 45 7 50 -72 91 -91 46 -89 33 -34 67 -92 -47 64 -1 24 -75 62 -50 21 -64 -74 -14 -97 30 -16 39 -27 65 98 52 -46 30 -58 -32 -63 47 64 35 -32 49 51 0 45 -46 41 80 19 -54 64 7 -44 -54 11 -98 -70 -1 17 47 3 70 -12 -71 15 41 8 38 60 74 96 16 -2 -75 -23 -22 -5 39 79 -51 26 
21 -37 64 17 -93 46 36 -2 -17 63 -93 -34 22 34 99 -85 -17 -1 -69 33 -68 -65 19 72 -47 88 -21 5 -76 30 -13 45 -66 84 -94 89 -24 -42 52 32 -70 97 -47 -62 -22 39 -60 -26 -84 -82 34 -16 37 41 94 -79 27 19 46 93 -75 15 41 -68 -61 -13 -73 -13 39 -7 -66 -82 53 -17 -20 -13 18 -82 -54 96 -33 -14 97 -59 -46 97 -48 -99 44 69 -62 40 -67 50 -75 73 56 -29 90 88 
-24 0 -91 5 -17 -44 -29 -85 -79 2 25 67 92 57 82 65 56 -28 48 79 -14 29 15 -52 -99 -28 -43 67 44 -4 -46 -81 90 24 91 -25 35 33 88 48 60 -87 -36 97 84 8 -17 36 81 -28 26 53 93 -60 -97 -73 -63 -94 32 -72 24 18 -31 32 -50 -26 -3 -65 -92 -55 -48 -85 -45 39 15 39 -27 14 -95 -99 39 -27 86 -94 56 93 -47 73 95 -29 -6 0 93 65 -63 -55 50 64 -74 59 
-17 9 -66 -92 32 -60 -67 -94 44 -61 43 59 -64 16 -49 62 -99 84 -5 -91 38 41 -58 58 -50 -89 -6 -90 -37 51 -11 -29 -1 72 -12 -57 59 52 -51 -19 28 88 28 61 -83 -14 -98 56 29 27 54 -68 -47 -72 -82 78 94 43 4 46 -73 21 30 -35 13 -23 -24 -1 -12 -94 -80 -75 49 -42 47 -28 68 -90 -36 40 2 81 -46 -49 -67 63 14 -10 72 -57 -99 -14 9 -3 0 69 -44 -68 -69 69 
76 -6 -79 97 -48 87 -64 -23 51 -59 -11 90 4 -42 -43 50 -20 84 73 97 69 -24 85 18 -66 -27 84 56 97 6 -90 -35 -56 66 40 46 97 -38 -36 -62 -82 -4 23 -82 40 50 -58 -25 3 -16 69 39 -66 46 51 99 -75 7 63 74 -7 75 68 -90 78 -23 -15 47 -80 51 97 -10 -57 16 29 -34 -8 -23 61 -70 -7 -55 -70 -46 -5 99 67 -20 -95 60 -51 97 10 -34 -3 -40 -88 -5 5 -69 
0 -27 -59 99 -41 -57 12 -12 54 65 -65 54 82 11 21 24 60 -24 -72 36 -52 59 -83 50 -66 75 -11 -38 -37 -72 46 36 93 55 99 93 49 57 -68 -57 73 46 21 4 8 -41 -47 -83 -59 56 -28 -27 23 -71 11 -11 -97 -50 -81 27 41 49 -46 55 -80 95 -94 54 -44 -38 48 -29 -13 0 -91 22 72 97 -62 -92 -63 -70 -5 9 -61 -79 -7 46 82 34 68 -3 33 97 -17 29 89 -22 -40 35 
81 80 6 -63 -29 -56 83 65 -57 76 -2 91 -1 -87 -86 96 46 65 28 93 91 45 -61 92 17 13 -8 61 88 -76 55 -36 -78 -19 43 -51 -86 -49 95 -58 65 -2 -27 -94 -52 66 -36 25 48 64 50 2 -36 -46 -9 -49 -54 -24 56 -14 31 47 48 -96 55 16 -85 69 -39 -69 -47 48 -88 29 83 49 80 -2 44 5 -73 85 40 14 93 80 97 -69 -41 -38 74 -4 69 6 -49 -14 -19 -81 84 -71 
-99 30 31 83 55 12 92 89 9 -93 -46 -35 -57 -63 -69 -30 -44 28 -30 -4 -57 24 47 21 96 -6 5 53 -34 21 20 -28 73 6 -24 -57 69 40 -51 -65 31 40 47 45 25 30 26 -34 39 -57 99 49 68 -79 -95 17 70 98 -98 96 16 1 -73 14 -31 -48 9 -61 15 -73 -75 -72 6 68 -1 21 23 1 -99 -17 36 10 -47 63 -34 66 -51 92 47 24 8 72 3 75 61 -5 7 -67 -92 85 
-10 0 66 -20 -36 82 -83 -99 -4 -31 -2 -53 -88 -58 82 -30 78 -69 -24 89 85 70 -55 -39 -86 37 -64 -26 -45 24 29 -93 -83 12 -39 -70 41 83 46 -71 -46 51 -8 -5 25 -71 29 -40 24 61 39 31 -4 -63 -59 -51 -98 -90 -16 61 -54 -30 91 -33 57 -3 47 39 46 -32 39 12 -26 -47 -25 20 -4 -68 38 -59 -27 -78 31 -55 -14 38 -2 42 -72 33 -3 -83 49 -11 6 55 75 -89 -89 62 
-39 82 77 -75 90 -34 46 54 -78 81 -67 -34 -16 51 -66 72 41 54 -37 -47 84 -92 -66 -56 -17 58 95 38 -91 -31 -72 87 82 -91 47 46 -21 64 -88 69 23 -4 22 -54 -1 -15 89 21 -52 64 35 89 71 -4 -68 -14 47 -48 -30 -57 -8 -32 -8 -45 -51 91 66 30 15 -87 10 76 -74 94 86 85 79 33 15 26 55 79 3 74 -17 -1 0 5 98 -20 11 -34 -57 97 12 65 -30 43 -49 -43 
-5 -17 99 81 12 54 -81 64 -27 -25 -95 -37 -90 50 39 73 -66 -95 -76 60 -63 10 -88 -45 1 -75 -83 -28 47 96 -91 -88 -67 -84 -4 -17 12 -40 -70 -41 -60 0 34 -27 -54 -89 -61 -9 32 -45 -42 46 79 1 66 49 40 83 -6 -12 61 -87 59 -46 58 80 58 8 27 29 79 -81 59 81 88 91 -13 -79 56 68 -63 -12 -71 -47 -3 80 -42 74 30 -4 80 -42 73 38 58 82 -72 -65 -88 97 
66 -77 81 94 -51 67 -49 46 -20 -33 92 75 80 39 -81 64 2 -99 84 3 -88 63 -18 72 87 96 -72 80 -94 78 -96 -81 -73 -90 14 93 29 16 -94 18 89 55 -86 -85 -19 -17 -20 -81 -94 64 -59 -18 -43 -69 -56 76 -10 28 -12 -6 -66 -19 8 -25 97 25 -65 -21 26 -78 -4 20 -55 -30 -45 67 11 -54 -49 57 -16 -24 -26 74 78 45 45 16 -43 0 -27 -70 57 -99 -2 -75 60 99 19 -90 
85 -77 -69 47 77 -37 -64 -6 5 -50 98 -14 -43 32 1 -92 -12 0 -91 28 63 -66 49 -18 33 75 59 45 -48 37 10 -56 23 -16 -45 -89 -44 96 -88 70 10 5 60 73 -58 -38 18 7 -69 73 21 -50 -94 -34 -84 -52 -75 -46 -51 50 -21 -59 98 86 -78 81 -72 -80 93 -86 28 -96 47 88 64 57 -51 -2 -96 83 96 -2 -33 -72 51 -59 75 -1 -39 -85 -2 81 -80 63 30 68 67 93 28 -79 
-71 -32 42 26 57 45 -42 -37 -23 27 -2 25 -23 0 60 -72 -69 -25 -69 5 69 46 20 -79 -7 -19 -96 34 -54 -74 33 55 -75 4 -39 26 66 -79 -4 95 -75 24 13 44 87 64 41 72 -56 -49 93 -48 -13 89 39 59 17 52 41 -56 97 -44 -16 -82 -19 -79 1 -15 -7 -52 33 82 23 -69 55 -97 -86 66 54 46 0 -70 -52 -38 -30 -59 -37 72 26 -63 11 -32 15 -55 14 2 -30 90 9 -8 
58 -14 -21 54 -74 -93 22 -86 94 55 -40 89 12 -42 56 -25 -36 -58 -9 73 -66 -64 -13 92 61 -54 -21 -1 20 95 3 47 -72 -95 -37 -72 -75 74 64 -58 62 11 84 -67 75 -10 55 93 19 -4 -38 -34 29 -47 59 -52 -9 -37 -66 21 -56 -98 -62 -10 49 -42 -13 -18 -44 -41 -99 73 -32 53 40 92 86 -78 -37 -17 -56 -89 -33 -31 47 93 -6 -53 88 -18 57 0 68 70 -51 35 2 5 -92 1 
65 -47 95 -34 0 60 -92 57 29 23 74 -51 -94 -37 24 -26 -7 -71 73 40 -93 15 63 18 -74 -79 89 -94 77 62 -77 61 98 46 20 -94 49 -60 65 86 22 25 -8 -65 -49 -94 -43 94 -30 72 -23 5 13 -39 62 6 -50 -91 39 -78 80 -14 -36 -81 -25 -47 -66 65 1 84 76 -5 79 23 71 24 62 -40 68 -99 -1 53 32 -72 -93 68 -92 -70 39 -63 4 -40 87 -39 76 -65 95 74 94 15 
4 9 87 -31 -55 -51 86 -82 97 12 61 -84 59 59 80 -51 -95 -66 13 -20 -7 -48 -67 11 -14 -12 45 4 39 -85 -35 -26 39 63 -59 70 -19 -96 -66 -58 -21 -3 -37 -41 -97 -64 64 92 -32 -25 96 -34 -87 12 44 -23 -34 8 -28 45 89 74 72 56 -50 -5 -20 -10 -65 58 -74 -25 -16 38 -7 -45 -50 -37 -79 44 85 31 98 56 34 -24 56 51 51 81 83 46 -91 -21 72 -9 -49 63 -84 52 
-89 -79 -11 10 96 88 16 -73 -60 -68 -33 77 -16 -44 96 23 14 58 33 17 -42 22 29 -79 -4 -87 -28 -76 0 -23 -72 18 -2 -45 84 -31 61 70 36 -53 -3 -85 -77 64 11 -46 14 -64 7 35 -40 79 80 -99 9 -59 -40 -90 10 -77 14 43 53 -66 -29 -31 23 4 -19 -62 6 -87 -90 58 45 -3 -29 -57 -83 -26 89 -56 29 -28 72 -51 -87 31 1 -72 -58 22 -66 -8 64 42 -1 -73 -17 -53 
-59 45 -69 41 -55 45 -56 -44 -75 -90 41 79 86 99 -45 -25 -35 93 88 26 54 -39 27 71 -48 -94 32 -77 -88 -79 41 -56 -70 67 53 35 -56 27 6 -78 91 59 -46 35 -11 55 -2 -29 33 -29 -73 -73 -48 -4 -62 -74 98 37 -93 -30 -2 -87 53 -3 84 -32 -42 93 56 68 54 -2 -20 -77 95 58 94 75 -18 91 17 21 -63 -21 -68 -36 79 -54 59 -36 -32 4 65 4 49 -49 65 73 -81 -64 
-28 -14 -67 -3 82 2 -67 2 60 58 16 13 62 -91 47 -13 0 -72 -72 -40 -6 -49 -15 44 -60 75 83 -14 48 -71 -4 76 -31 -49 22 -15 39 33 -16 31 81 -79 -77 0 16 89 38 23 -52 99 -5 0 34 83 0 3 -73 67 41 43 -79 56 97 43 -10 53 58 -66 -71 -83 31 2 22 59 41 -97 -64 16 -98 -22 4 -56 94 70 15 -89 -99 6 -4 -36 79 45 -19 -36 -33 -87 72 63 -6 70 
-60 99 38 98 21 26 71 -65 -95 53 -5 85 -76 56 -28 -27 -20 49 95 -19 29 16 -40 44 58 61 -38 51 43 18 8 -56 1 -46 -25 59 -80 -70 -87 -82 84 -67 60 -70 75 -56 64 -47 22 85 14 79 72 8 56 -9 -29 49 -60 -41 15 -32 -60 -50 97 93 72 38 -86 25 -44 -27 -23 2 -93 -69 54 75 -60 68 -63 16 44 -36 19 -93 -88 86 -39 29 -84 -71 -95 61 -76 -4 -1 -22 9 -74 
0 -65 71 -63 36 10 -28 -15 92 -20 76 -54 -71 -41 -88 -69 -5 -80 -80 45 60 34 55 -32 86 4 -42 -52 -37 94 32 -51 20 -99 -18 -32 18 -24 -57 -83 -37 -19 52 44 -35 84 -19 -85 -42 -25 26 67 56 36 -42 -59 -17 10 -76 -5 99 -44 60 61 3 -97 82 83 30 -52 -64 0 -77 -80 -67 15 39 21 25 -38 85 3 -28 54 -31 81 -21 -45 74 93 -68 -74 90 21 4 6 -85 -54 53 22 
-56 -2 21 -46 -92 1 -94 -86 5 98 -30 40 -58 -74 48 67 -56 -57 7 4 -7 86 -54 -33 27 -44 -24 -66 14 -11 45 -42 -34 19 42 14 3 -70 -73 -78 23 95 -62 23 -46 95 -9 77 54 19 51 13 -61 77 -94 -16 61 52 57 -82 -88 15 -47 59 87 -38 -23 20 -76 64 -66 -89 54 16 30 -6 -31 -50 64 9 -84 19 16 83 4 -32 -51 15 -2 -14 -73 -80 -84 89 28 29 26 57 58 -76 
-51 -74 68 -61 -59 99 -79 7 -49 -69 19 -26 73 41 67 -69 0 2 -93 84 -60 96 76 -3 63 -29 98 32 43 42 -53 -62 19 -16 1 -68 26 53 9 -86 -99 91 96 -2 57 -2 22 -35 -50 93 -81 91 -40 54 -65 -59 53 -79 61 60 61 -83 58 50 50 -64 -50 -18 76 42 -14 10 96 14 -39 59 -84 60 86 -46 0 19 87 -39 24 56 -25 -47 34 28 56 -85 71 -53 -5 -15 50 91 99 0 
-57 -93 -95 -40 84 -94 65 -78 47 -76 -77 -71 -73 -1 92 -37 -80 -47 -7 89 33 52 -90 28 24 85 38 -69 17 89 -19 -20 -15 60 14 33 38 78 -31 -85 -66 11 74 -99 -34 41 -13 -46 6 78 28 -92 14 26 -63 3 -65 53 -32 4 87 70 60 64 -92 75 75 -43 -99 -26 39 -83 -21 67 54 -74 59 52 0 -20 -39 99 7 -13 18 49 -93 89 33 8 -9 18 44 30 55 55 25 35 -33 4 
37 -58 -97 -54 -4 25 -31 64 38 -42 87 3 -86 37 -83 70 29 26 -38 -29 -78 -12 -10 -94 -77 12 -41 32 96 -31 -36 -83 60 3 -10 -96 -39 93 56 -25 2 74 -52 -20 -83 -78 -38 62 -87 -77 82 10 84 43 -3 -62 95 59 74 -56 -19 47 73 -10 -37 -84 80 13 -68 -81 54 37 9 -25 -5 -91 1 -93 97 21 57 -26 88 71 -28 -9 -82 -46 17 0 41 96 -11 -2 -39 -10 -67 60 -50 19 
10 84 35 -52 -7 17 -73 -66 63 98 19 93 14 -36 -99 70 -4 4 -20 25 -52 23 -3 12 -11 39 78 5 13 64 11 84 -21 76 43 93 -18 -46 -50 -2 36 -21 1 -68 18 61 80 -33 -50 78 -13 46 2 39 -82 -14 41 98 83 -27 62 93 -99 -24 -82 50 -47 62 -88 -54 59 -98 28 36 26 -9 -29 81 -92 23 -23 29 -25 -77 -86 11 47 33 -29 15 45 -29 16 -76 -59 76 -86 -4 30 -15 
38 61 -25 -23 -12 25 1 -90 59 73 99 -30 54 45 55 -57 -5 64 -22 -92 30 -3 -44 11 -61 85 25 -2 -44 -66 -56 -67 -9 -37 99 5 -44 19 -1 1 -12 48 -54 -55 77 71 -60 35 66 -55 -78 96 -55 40 -45 -94 -24 -12 77 -41 67 75 7 -52 15 14 24 -49 -45 -44 -62 -8 -7 55 -34 -74 -11 -81 56 99 -12 -95 63 -21 27 -65 -49 79 -77 -14 -54 22 22 69 -35 -63 -18 -93 -38 31 
-53 -52 28 51 -88 83 -38 -59 35 7 34 20 34 -4 -55 86 74 64 -44 -1 -46 -73 -24 84 56 -47 -37 18 -41 76 64 -15 -15 -72 65 -90 -56 -34 86 80 61 31 62 -2 -4 -27 -22 92 -63 -87 62 95 61 10 -59 -88 88 37 -87 1 -85 -3 94 31 -37 2 -8 -67 -18 -15 90 36 -73 24 3 87 91 -31 24 7 -27 49 97 41 47 64 58 54 -34 80 -63 -19 -23 -32 -25 18 -75 83 -85 -11 
56 20 -85 81 -50 2 -11 0 9 26 81 9 -18 2 -22 -38 -15 91 -22 17 45 61 87 -68 -97 -60 -1 44 45 -99 98 7 -93 -38 72 81 29 7 -4 -99 -9 71 -47 -82 -53 -94 -78 54 86 -92 -77 48 -27 -31 45 -23 -14 84 96 48 -61 18 17 -49 86 68 41 55 -50 -12 -82 -84 -55 58 1 39 -36 -54 6 -18 43 -95 -81 -75 16 89 -99 -54 -36 -55 43 11 19 10 -41 98 -12 20 95 -71 
39 -40 -48 50 -89 13 82 -96 23 -17 16 87 -66 -8 68 -62 21 1 -54 -29 -98 53 -60 97 93 -61 -31 -35 60 91 -36 -97 20 32 -18 93 -47 -31 93 -82 -78 74 -88 -87 40 -71 84 68 59 -4 -21 -1 -93 -13 66 -10 -43 44 23 -79 -72 -7 -85 29 -74 -93 64 1 36 -80 -58 -71 -7 96 32 -15 -82 -39 -73 88 -90 90 48 -73 95 -21 -5 -28 -62 -89 -54 88 29 65 -81 10 -70 48 -8 88 
-24 54 71 56 -77 -22 -42 -94 -25 10 -86 47 57 80 99 8 -27 -46 -62 -53 91 23 84 33 37 -50 94 -99 -97 81 -92 62 -29 57 56 -42 -46 -16 -22 96 -19 97 6 -8 -51 -58 -22 -93 -37 -58 -11 -29 82 -32 -9 -18 -59 88 79 -78 75 -45 -33 32 70 46 77 34 70 2 -26 78 34 65 35 -79 -35 -5 -97 4 81 -27 -50 -38 -14 47 31 -93 61 -44 80 8 3 -68 51 79 94 0 -60 -10 
-35 88 53 10 -45 99 -14 -74 -41 -87 -91 78 59 92 15 45 -86 18 67 44 27 -26 24 -68 -1 60 81 77 -20 45 -33 51 -7 -72 -89 56 44 -12 -70 34 -65 -93 7 48 38 -84 49 -77 42 11 -96 -69 41 -56 93 64 -18 -38 24 44 70 40 -78 82 -20 -41 60 -15 -85 53 18 -72 -84 -49 92 2 32 46 -89 -18 -56 75 76 -10 -97 -45 74 -35 85 -99 -15 -40 -88 -51 2 73 29 73 -1 -38 
-44 0 47 -11 86 -89 -16 -3 -40 70 -69 97 -11 76 84 3 -73 53 57 -45 76 -56 -42 45 -29 68 -13 -7 -17 -12 1 -47 -46 39 77 30 53 -57 -84 51 63 87 49 3 -90 -64 -84 -86 -68 25 65 -76 24 11 19 -13 -28 -79 55 -88 9 -33 91 71 -49 87 8 46 73 74 -38 92 -44 46 -66 -1 -43 33 5 90 -65 -45 81 15 19 94 42 71 0 -72 49 93 -81 8 50 68 -23 40 -92 73 
-10 -98 -60 64 74 0 0 -6 -53 38 -80 66 18 20 66 63 -85 -18 -36 46 92 -98 -15 87 48 -57 32 37 79 13 -21 -25 -98 -95 66 -98 -96 -59 56 54 -99 53 -51 -23 10 -19 12 79 57 -72 -75 99 -15 51 51 -99 81 -6 17 15 -70 -56 50 28 62 49 14 4 36 41 -18 85 -1 91 -98 -48 -11 -37 9 -16 2 -57 84 -98 -51 0 -12 20 -66 -18 94 -29 50 20 84 -50 45 68 -69 -7 
-74 39 44 39 53 -87 -31 -92 -13 -92 -41 87 7 -92 -42 -65 94 -26 83 -63 96 7 66 -42 24 35 -16 75 39 11 79 44 -51 92 -25 52 -81 -69 48 40 -54 -36 -58 1 10 -98 -93 42 24 37 -4 95 5 -60 93 12 -28 82 -6 34 -50 91 63 73 -16 16 -49 -56 66 -44 -83 -38 22 -19 83 71 -20 12 72 -23 -59 11 -59 -89 19 -71 -6 -20 -37 -43 -20 68 -66 -60 51 41 19 92 -67 -85 
31 -17 -44 -36 -87 85 33 -4 51 -65 90 69 38 30 8 61 44 -40 -37 76 -31 -74 41 -65 -86 -10 -91 38 -52 88 -87 -12 -42 14 -27 36 -51 26 -66 -93 97 -64 -41 38 -33 -64 2 -48 25 11 97 19 -72 62 94 -80 -2 -39 -40 64 20 -84 92 -14 -8 78 -3 74 19 -27 4 62 58 0 -45 -32 -76 52 32 -85 -60 48 28 -59 26 -28 45 50 35 50 -52 -36 -44 70 74 0 1 77 -44 -69 
74 29 77 -82 -85 -62 74 99 92 62 43 -48 28 -83 -58 72 -97 86 62 -49 42 -26 -74 77 -47 93 -95 -3 -69 91 47 27 41 22 19 -99 -51 30 -40 0 8 7 -43 -92 -46 84 98 -89 42 26 27 86 61 94 46 87 -71 4 28 2 -83 -13 -33 -33 13 35 -2 36 91 -37 -84 85 -96 -11 -82 90 45 -46 -27 13 65 55 83 98 38 30 82 -85 31 18 -26 -85 -23 -90 -25 -21 94 6 36 -5 
-64 23 34 85 3 99 -32 98 78 43 18 -93 -80 61 -28 70 64 82 58 -82 34 59 -15 -70 -17 40 78 86 1 -47 83 67 10 -51 15 -90 -9 -28 -20 -80 16 99 23 -14 -59 12 4 33 -90 -33 38 62 76 -60 44 23 -38 37 76 -3 90 4 35 -66 -58 69 -31 -83 88 87 -43 -65 -59 67 74 2 -62 41 81 12 46 45 62 64 -95 -1 -28 49 -83 15 -2 99 83 20 -56 86 12 -14 -4 83 
36 91 92 -7 -84 -95 3 -39 63 -66 -86 99 31 56 -31 64 -36 -6 55 70 91 -36 -70 -31 65 77 39 0 0 88 -71 -49 16 -89 78 -12 81 76 -69 62 -40 -35 88 35 58 -4 -98 55 79 26 12 89 -83 -21 -68 -49 42 -65 -18 -91 11 58 -84 -37 49 71 52 66 -89 25 -23 -91 -21 9 66 -54 20 -74 -37 67 62 -82 51 -63 99 -94 -38 -65 -27 30 -99 80 -15 27 -46 -95 17 -64 8 -17 
37 -94 -14 -78 96 -32 -29 -81 -33 57 92 40 41 -13 -80 36 82 -89 14 86 27 45 -13 56 -35 -49 67 86 20 53 -33 -14 44 44 -99 -46 -7 11 -59 54 25 -98 -31 57 -1 -67 -69 -98 -42 -94 53 99 16 3 -46 68 -13 -59 91 -39 67 -92 -93 -1 36 53 57 -80 99 -39 56 -34 -44 -7 72 11 -65 -73 -65 99 27 -35 98 48 -92 -86 -28 58 -58 -99 34 -70 85 -75 -10 51 -52 -77 -1 29 
65 -2 -46 12 59 -21 80 15 14 41 29 -53 -88 -96 -38 -5 -12 -53 23 22 -86 86 99 -17 -18 97 -31 0 -80 -48 21 -18 49 69 -31 51 0 22 -11 -7 6 37 -6 74 -66 -32 72 -77 -5 -67 75 47 92 -80 -87 26 67 -79 -53 42 -39 -53 26 92 80 83 52 57 -22 -45 -32 -2 64 -93 58 32 -35 69 -96 -66 -49 -5 7 44 8 64 32 79 -52 -22 83 21 47 -41 -1 31 -95 75 -58 -16 
28 -40 32 70 0 68 95 78 58 -60 47 72 -99 25 53 -30 -10 -4 79 67 -1 -79 -77 -46 -45 -43 14 72 -3 63 26 64 62 -47 86 -22 -69 -75 1 75 93 1 -44 -46 7 36 96 -65 -15 0 40 -36 -7 -65 42 6 77 88 -84 -26 35 -87 -24 62 69 57 -31 4 73 92 -91 81 -87 75 -11 94 -14 40 29 -47 55 42 68 -33 -20 79 11 80 -48 -61 43 -5 68 -64 -31 -92 -1 -40 91 29 
64 31 62 13 -23 -37 -69 80 -14 -50 92 -75 -96 83 -37 20 -17 -47 65 55 96 -7 -53 -8 -1 56 80 -47 -43 71 6 13 -97 -35 -90 -15 -71 -32 14 42 54 -55 19 76 25 -29 -83 -65 -36 95 27 31 12 -30 -25 33 89 25 44 -83 -74 -24 20 60 -84 15 -78 0 12 -31 -21 24 -20 -13 60 23 -53 77 -32 62 -67 17 73 75 -62 -73 98 22 68 51 -79 36 -73 16 72 35 78 -24 -80 -35 
-23 47 64 0 -39 -16 75 -95 53 50 82 -76 -54 -71 76 -92 -68 34 19 -82 34 -20 85 2 -13 35 -5 -7 49 -86 -38 -19 6 -22 -51 -86 -35 -60 -19 61 2 -92 -14 46 66 -67 60 19 30 -75 -72 -36 60 -13 1 -42 -22 26 -39 33 0 -73 63 -1 -17 -45 -64 80 66 82 -23 -99 58 56 64 40 58 -99 27 68 -40 48 -89 -28 -61 78 -45 -76 -24 5 -39 -48 87 0 26 10 18 75 19 41 
-47 -23 -43 51 -33 -88 -46 85 94 -85 87 -14 -14 -60 -86 -79 82 33 47 99 -51 10 12 -81 87 -51 73 49 -74 -54 -10 42 -37 73 -90 77 7 86 -24 33 25 92 66 0 -91 48 69 -23 42 -66 -91 76 -92 51 -75 -27 17 -4 64 -37 30 60 -45 16 -10 -27 81 69 0 -18 59 98 36 79 -98 -73 71 18 -52 -20 67 64 -40 -6 70 7 5 20 42 12 48 49 -81 -48 -78 -7 69 65 33 13 
-43 -39 -15 82 -90 11 -66 69 -22 32 56 -43 28 97 62 46 62 -34 -77 30 35 21 17 73 -87 69 -34 63 90 57 -17 46 -36 99 29 -11 31 46 30 -53 -21 -82 55 22 0 -57 24 52 72 -96 74 -10 -49 55 -60 43 -2 -23 70 2 -6 -61 78 83 72 83 30 71 53 93 -87 -89 -82 20 66 -94 -25 -33 13 -5 63 -89 68 -56 56 0 -75 -72 -25 53 32 94 -67 86 -3 -39 38 2 -40 -90 
82 -33 4 5 -1 15 20 -80 84 22 -11 54 -6 62 -80 -63 -34 -31 -35 -27 -85 -56 -53 -66 -36 -88 -94 68 55 58 -81 -68 -77 15 -56 -71 -88 -39 7 -78 37 48 -30 88 72 35 -13 70 87 26 -15 -33 8 17 85 22 -40 52 -36 -33 79 43 73 12 -1 31 89 -29 -69 37 90 -18 77 46 -79 44 -94 65 45 -31 -92 -23 16 52 -1 17 -41 -61 88 -40 48 -54 -92 79 14 -34 77 -30 74 45 
-60 5 -58 94 17 46 90 41 -95 65 46 42 51 24 -90 69 -50 9 -78 -2 -26 0 54 -24 5 -41 77 88 -22 71 6 -41 76 -74 95 63 -93 57 -68 -97 91 -77 -87 60 98 97 -96 37 13 -14 -95 -13 97 56 -75 38 -90 56 -92 -13 -69 -20 -26 66 -6 95 12 -31 47 -55 19 -74 23 -83 29 54 -98 4 -42 38 95 -62 -41 45 -70 52 -97 18 -46 6 -59 6 4 -94 17 -42 -5 -94 32 -21 
60 -96 -43 36 -97 -75 55 -10 -76 -52 -61 -60 42 85 -27 90 -94 83 21 70 -48 65 -87 24 55 40 -54 92 45 84 65 38 30 -45 -6 4 -75 66 32 92 27 -19 29 28 0 -12 33 -7 -13 58 15 82 72 -41 -29 -61 27 39 14 0 85 4 -67 -95 -21 98 -10 53 -28 7 17 -24 -14 -51 -78 22 7 71 31 -74 91 39 -77 37 -1 -56 20 19 -79 31 53 -99 7 87 -44 -76 -87 -10 -12 -14 
-63 -40 -73 -31 -52 97 -39 36 -95 19 75 31 -70 28 55 90 -54 9 -83 28 89 95 -1 -17 -21 44 -7 1 -61 -36 64 -56 -62 20 -33 -55 -17 18 -58 -5 -96 28 -88 -17 -64 47 41 30 41 -8 36 -29 27 -88 15 -45 60 26 -51 -12 -28 -97 -96 9 -16 20 -82 -26 -18 -99 7 58 18 -45 17 -1 -27 -12 -16 -58 -98 -92 67 -65 93 41 -1 -71 -17 50 61 80 98 46 -7 -77 -95 -49 -87 -69 
-54 -54 -55 24 -92 -55 -6 -26 64 -13 -84 -96 -73 -21 -33 32 -72 44 32 4 -31 61 -45 -52 69 74 4 -99 33 97 19 -23 -47 32 0 -12 14 25 -99 35 18 -57 39 -78 -71 10 -67 13 9 91 -41 72 -92 38 -26 3 -71 98 24 12 -85 64 49 -51 -79 20 -31 -50 -83 36 93 78 -65 -55 -53 -66 -54 -45 42 -72 -54 88 8 -59 -43 52 91 -72 22 -2 -64 37 -75 38 -60 82 64 74 63 70 
-17 -89 82 32 -86 -94 10 89 -87 -60 81 0 -47 -13 -31 35 40 64 -52 5 -88 28 -55 34 -4 -89 -86 -27 -36 52 -14 -30 65 -69 -80 -88 -55 -16 84 -82 -96 58 44 -60 -92 -34 88 -41 13 84 33 -59 -75 -37 86 37 29 84 73 11 -21 56 -66 -12 60 -71 27 46 -74 92 37 39 -25 79 -49 -34 -73 50 -91 -83 -1 -41 -35 -10 -83 -41 44 87 79 -15 44 44 10 38 -78 -83 -28 -21 -52 -92 
-36 80 37 -20 0 74 5 35 45 -84 27 -50 -99 89 24 -90 -22 48 -42 -44 -15 -29 1 -59 -87 51 -98 29 -90 -18 59 -61 -12 88 40 20 -2 -83 41 -81 99 -6 -46 -7 98 16 -90 34 -39 -68 -18 26 -72 70 9 -59 78 15 -38 -18 -71 43 27 -22 -72 18 -74 -16 -70 -50 -48 25 -79 62 -66 57 25 21 24 -58 -50 -84 25 -28 92 61 29 -90 29 53 -28 1 97 30 40 -87 63 -95 51 -53 
-31 36 -45 24 86 -13 36 -30 65 23 -72 -1 -28 -2 28 -31 -64 26 48 -77 -27 43 59 -97 -6 -65 -36 67 14 36 -79 45 -85 47 -90 10 -94 -64 -72 50 43 -39 43 -28 3 -88 -64 -93 -9 2 -65 67 9 93 15 71 81 -81 -53 11 -22 17 -24 80 30 85 61 -77 -68 -81 46 64 35 83 18 95 -71 -83 -63 73 71 94 60 -45 -74 19 -57 42 51 26 -91 -29 86 99 -10 5 31 38 41 -51 
-23 17 -10 -38 24 22 -81 2 -24 81 25 -42 64 52 71 55 -27 18 24 -95 57 -63 43 6 34 -49 -20 87 -82 51 88 -34 82 10 2 7 4 -9 -58 29 -99 -25 -84 75 -14 72 80 -92 -81 -18 25 -77 -1 -73 -40 17 71 23 -32 -55 15 -12 -90 -17 -64 -61 67 -97 -59 -56 -57 92 -68 25 -60 83 67 -2 -32 73 37 -36 -13 -6 17 -47 61 -20 -51 27 -89 -71 46 -60 -69 -93 -15 64 53 -34 
-37 78 40 -73 97 27 7 65 15 23 53 38 62 55 -73 68 19 -2 -58 83 -55 84 -35 19 56 -64 -22 -5 89 71 74 74 -74 64 71 62 -76 -75 -60 57 -41 -61 -98 -96 49 52 -73 -6 -7 36 -45 43 -27 -61 59 16 27 9 71 -71 89 -81 21 11 -61 -43 -45 26 -92 -21 63 -17 19 -62 46 23 -96 -85 -27 6 93 -16 -4 -93 61 -67 -29 78 -47 68 67 3 18 16 -24 76 -94 31 20 52 
60 -96 -69 29 87 -37 -62 10 -37 -22 25 37 50 15 -18 -71 97 3 95 13 -63 14 -23 36 11 48 -63 21 24 76 51 55 -51 86 -29 -93 -80 -7 -72 -24 -51 -67 -94 58 -19 60 12 -47 -93 22 -69 62 30 -43 56 97 0 -91 -48 -1 -34 24 -20 91 43 -5 30 34 -8 18 79 -34 -98 95 0 66 -8 -97 13 52 33 34 54 29 9 52 19 -10 -39 64 -96 -52 92 -2 83 -25 -62 -85 34 -3 
10 -75 -64 75 40 -70 63 -78 87 99 -59 6 -87 27 57 44 -94 8 -37 -27 -45 39 -61 17 -86 -84 -26 84 35 -43 29 81 0 -14 26 -53 49 36 -5 92 -83 -64 12 8 42 -43 57 -85 80 -30 -88 -60 37 22 -77 89 32 88 41 -26 -85 99 -92 -75 -84 41 35 -96 72 -15 22 30 56 43 31 52 -30 -80 -4 -74 -75 80 -2 60 4 -74 -58 93 -34 -24 -93 -12 0 34 0 -57 48 56 -13 7 
18 79 93 1 -95 0 95 24 69 26 -53 90 -98 -27 7 70 77 -73 -36 -50 -9 -91 62 -32 97 -47 -20 -90 -52 88 -12 -54 -22 48 -80 55 -37 6 -41 79 52 98 90 -47 47 2 94 -47 91 -8 64 30 -31 -65 9 16 -62 -70 -23 -17 -57 -13 -70 -91 54 -2 33 26 -94 83 99 56 -18 -90 -74 61 9 -68 94 60 -95 6 17 13 -46 -75 -5 25 68 -88 86 77 23 -24 73 29 -78 -34 8 88 
-82 98 -54 -40 -88 61 9 46 10 -22 -42 -24 25 -62 15 -48 -14 -84 -45 55 23 48 68 -65 3 26 3 99 -36 -7 0 -80 -43 -6 -29 9 -70 -79 11 82 -71 92 57 -25 -63 31 -66 83 -90 2 43 -97 -95 93 -89 -29 -16 -92 47 -59 67 -31 42 -84 60 -12 89 8 -76 16 -81 6 -32 84 -51 -17 -39 -68 -88 -23 73 0 26 36 72 62 -33 81 -26 -6 -79 -14 -66 94 -61 -85 0 67 24 -13 
36 76 7 99 26 -40 -10 -73 -48 -60 54 59 24 -45 72 84 38 -20 40 85 -11 83 56 9 -37 -25 -72 16 -33 -4 79 66 99 -18 -66 17 -35 -89 77 81 65 99 27 33 -42 1 99 -65 22 -85 36 92 81 87 -57 14 -40 -70 -88 -79 97 -79 -29 44 43 -66 0 55 -30 -89 -93 62 -83 -97 63 13 -12 53 94 -71 55 -18 41 68 -63 -66 89 -67 -75 11 67 13 76 24 27 -81 85 43 -22 -72 
-48 65 -93 -89 89 -15 -43 25 13 25 23 -15 1 -16 -17 43 -28 59 98 77 69 95 -83 -91 64 63 -7 -14 86 -91 -14 -93 -46 -78 0 -16 -19 -6 94 73 19 93 89 -94 92 3 59 -35 30 49 48 6 -52 88 -67 58 19 -68 -3 -14 -63 60 74 -27 0 -56 14 -95 44 -57 85 61 -21 -70 51 -6 42 -62 -25 82 -15 20 81 93 -30 -41 -7 82 12 73 70 18 23 -96 13 -54 46 34 39 74 
-29 -28 -78 -1 53 -8 61 78 -55 91 90 -46 -57 31 -29 91 -8 50 -62 -90 -75 -61 -84 -47 76 -86 -88 -20 -92 -4 -74 -35 28 71 -3 -95 36 -25 -57 65 37 -45 76 4 40 -37 88 44 -63 23 -87 34 69 97 0 -12 19 51 67 -80 12 87 34 48 16 -14 -34 74 -51 25 49 -95 -22 32 80 -94 71 -31 -43 -46 -29 -77 70 -57 72 -96 -5 -3 87 64 14 60 90 -88 78 -85 28 20 95 61 
52 -41 99 8 80 50 47 -81 -32 6 45 -67 55 96 96 64 -29 -19 4 58 -19 -62 -27 44 4 59 87 -89 -82 87 -46 32 8 -60 -91 40 -24 -93 -82 -97 47 -5 52 -14 92 31 27 48 -43 9 -14 -17 -27 60 -79 74 -40 8 57 60 78 -86 84 -14 58 -82 39 80 -10 27 -29 -32 26 -55 -55 53 -88 70 75 -7 -77 -72 -42 40 -12 4 44 -12 93 60 64 79 -83 -23 76 77 -74 32 74 85 
-73 -46 8 97 60 62 -93 30 50 -57 2 -3 41 14 9 28 28 35 -97 -42 -64 -16 86 45 2 72 -68 -14 7 89 63 98 -28 -62 -44 -1 49 -58 -78 1 -22 98 58 31 76 6 14 -53 48 -10 -64 -5 93 25 -4 -35 -94 -87 -54 25 -99 -95 -80 22 -26 -32 -41 81 60 -20 45 76 37 51 -56 3 75 -83 -92 -98 -22 71 37 19 86 58 98 -55 45 80 19 -96 -68 -51 85 86 92 38 66 -87 
50 3 59 -76 93 -80 7 -97 -93 -77 -74 9 21 -66 20 71 -41 37 81 -38 -75 73 92 8 52 -49 -11 -93 40 -26 86 88 -3 68 -95 40 0 -51 41 -23 -11 -98 -42 77 38 -53 20 20 -10 -21 -90 43 8 -84 9 -29 -30 -19 -9 -2 0 -37 83 -80 67 -15 -14 25 -43 -66 72 85 24 84 -4 47 -75 90 -85 -33 19 49 -25 83 -18 -48 -57 -26 -15 17 -78 9 69 55 0 92 39 40 -35 0 
46 -78 -24 30 -86 -12 -57 -89 -58 59 -65 -84 -73 47 72 69 -81 99 27 -44 18 -48 -6 -66 14 -69 -4 -5 93 84 49 77 -80 -44 -44 5 -51 53 -22 -82 8 -29 -55 77 20 -74 64 -80 -28 -14 -17 48 -38 -48 -65 -15 65 82 39 33 -3 -42 71 -78 -71 17 27 91 -39 -86 73 26 26 85 -57 -26 74 -34 48 -60 -86 -28 -97 -38 99 27 -41 -68 53 54 -8 -86 51 -52 -25 -94 -84 92 86 51 
10 78 96 -72 -13 -24 -75 41 -9 61 69 46 -44 -6 67 15 -5 -25 -53 -12 47 16 31 -76 -92 -48 19 39 -28 -78 -50 -58 67 71 75 -86 -39 -41 16 56 -56 -61 67 18 9 -72 79 8 -47 -34 58 25 62 -67 -31 -94 -36 -23 20 90 -67 -91 82 21 -56 52 -99 0 0 -27 -73 78 -56 -12 5 55 -33 36 -67 61 -37 -92 -49 33 45 -36 -51 -11 -99 -38 90 74 53 -90 84 48 84 -6 73 85 
-95 -89 61 4 97 33 74 -26 -77 35 3 8 -49 0 94 -98 -33 -46 -15 46 -92 -52 48 -37 -12 -9 33 -70 23 -55 -51 -26 -99 93 -13 -8 83 -52 92 -24 -7 89 -5 98 18 11 98 48 -37 -16 -78 -22 -71 -94 59 -32 30 89 83 17 6 35 -23 68 82 10 85 33 81 -57 78 98 52 -6 57 -15 -46 61 7 23 9 76 77 -51 -18 45 28 94 -86 18 -51 -59 -99 -89 89 -30 83 -54 -77 56 
9 -27 43 16 -87 25 -99 -38 -12 44 60 -32 40 -32 -59 94 56 -41 -25 54 3 59 58 84 40 -84 75 -76 98 13 -81 58 65 85 -48 -49 -93 -94 -25 -99 30 -64 29 -27 75 -17 -33 -97 -81 -1 -19 -7 -42 -79 -28 19 -99 17 89 -55 50 -46 81 -94 46 -16 28 -79 7 22 -14 -10 97 -76 -84 19 90 6 67 21 1 89 -91 -91 -72 71 36 -72 -93 -97 -45 -89 11 56 -49 69 -82 -80 -55 69 
19 59 -53 63 87 -90 -78 -55 75 -18 89 46 6 -70 -93 -22 21 16 93 -67 7 -91 0 -34 31 22 52 -34 29 -77 -67 20 71 -88 74 62 -68 -3 -56 98 -81 48 -84 9 17 -52 -68 -93 -20 -12 -35 16 -89 -1 -99 -66 -9 32 18 54 -47 71 -61 -18 76 6 -9 -1 -16 46 -4 31 11 92 48 -70 -98 86 47 -52 2 -14 99 -42 -33 37 -79 59 13 -15 -92 -73 32 -25 87 -50 44 65 17 -64 
-38 -11 -76 13 51 -6 -39 -19 -2 -83 -54 -34 -18 -37 -85 12 -58 -15 -66 -1 34 26 -56 2 -89 13 -5 1 -87 0 -36 -43 -8 1 -60 -57 -13 18 -75 -4 -30 46 -75 70 31 28 -85 6 78 -42 34 28 -66 80 63 -28 -74 -98 58 71 88 1 45 -63 63 75 7 41 53 -29 -6 87 -21 -52 66 -13 -92 -33 15 -83 70 26 34 -53 -25 -58 -79 82 -82 67 -69 -81 -39 -84 71 30 42 56 -73 -96 
-41 -58 63 92 64 -60 -12 82 -68 27 54 0 -66 -2 47 93 68 -73 25 42 -98 -81 -91 -92 -55 -99 -2 -32 -37 -68 -41 -43 -82 44 48 80 21 25 -35 -2 -79 52 -85 83 -38 -40 -58 65 55 58 -25 -59 84 89 -7 -92 26 -58 10 4 -97 78 -8 81 91 -93 -7 -1 -46 -79 -98 0 -10 77 80 71 -3 -90 -78 -63 -43 -50 -67 -7 -19 -65 -61 -39 -39 59 5 24 -97 91 90 89 -56 -60 69 -41 
74 61 19 -9 8 -43 16 29 -4 35 43 94 76 93 -23 -34 -70 -96 -93 -83 -38 30 95 59 -8 -53 -22 -68 -92 7 -68 86 19 2 -78 0 24 25 -32 -83 -16 92 -67 93 5 63 -24 53 63 68 24 68 3 81 -45 -13 -41 -92 2 -78 19 16 -43 -7 -75 59 8 -84 -39 79 57 38 76 -18 -13 29 -60 35 -25 83 45 7 52 27 43 -54 -63 95 -51 62 17 6 68 28 -42 -47 -70 -14 -25 -65 
78 -95 93 93 -96 -39 53 -78 20 78 99 -2 69 -60 15 -99 89 -37 7 -76 -93 81 59 -16 -21 71 -71 81 -56 -45 73 -25 -14 -52 40 -14 -17 5 -3 -67 -78 -12 31 29 -56 -99 -91 -78 -99 75 -87 72 88 59 0 -58 -43 -9 73 55 -41 0 44 -98 62 -42 52 95 18 -83 38 -81 96 -82 -63 -25 77 66 11 -71 82 89 -71 -76 -4 -19 48 75 89 8 54 88 -63 -70 -70 -88 34 -21 34 31 
-93 84 86 -27 -62 -81 69 68 -31 -54 -63 -13 -67 78 26 21 -7 -85 -25 74 -84 -3 0 -51 39 -34 47 -82 72 -82 -80 -47 56 -3 -50 -53 95 37 -39 55 -72 11 62 -87 75 26 62 -73 70 86 0 34 -45 -21 -62 -89 92 -41 19 -8 -66 -52 -18 37 -79 9 -95 0 -63 78 27 85 41 87 -39 34 -47 46 -46 -3 -62 20 -20 51 62 -74 38 19 99 -57 -19 -67 -45 -83 97 83 78 83 -28 -58 
-90 21 -42 -66 60 -71 84 -44 -36 38 -76 55 -49 52 -18 67 26 -13 60 64 95 55 -20 16 -34 38 13 13 -95 -8 -21 51 -37 63 46 -87 -61 -14 3 -70 -14 77 37 58 28 26 -59 -10 24 -79 1 27 -10 81 -93 66 36 25 -35 -50 88 -32 -47 92 -77 15 -3 82 20 -50 2 -10 -15 1 -12 54 -39 -14 -26 -46 -65 25 44 58 -73 0 -39 11 -77 89 2 -17 -62 86 -2 -58 -42 97 -61 76 
-21 14 -50 55 10 -7 -83 -10 52 -83 57 -77 58 -13 -1 -36 69 -89 18 -48 -99 87 -10 47 82 -62 45 93 69 -36 7 76 -67 -50 14 34 -57 -86 -31 55 -32 -49 55 46 89 -62 -62 70 45 74 -6 85 23 -8 -20 23 32 60 -47 87 -72 14 53 69 -46 61 38 17 -1 2 -99 -14 49 59 -94 -61 -11 8 0 -90 49 98 -73 49 83 -4 80 30 50 -84 45 -39 81 -93 75 -25 -85 -1 43 92 
63 -67 -11 18 -12 32 49 55 -30 54 -85 80 77 -93 -39 45 -84 67 84 70 69 -25 81 -73 39 -77 -44 70 83 45 88 17 -5 70 -74 -33 -16 -26 -66 44 -82 58 -96 11 44 -3 -11 66 69 -14 71 91 -82 53 -28 45 81 -95 -80 68 79 -42 11 -37 -77 -17 98 80 -64 -16 57 -62 -36 -84 2 18 68 84 -62 -90 51 -21 -17 29 -54 20 -10 2 -91 18 -10 -79 -55 95 -36 40 93 52 56 42 
79 38 -95 -54 -57 -55 -72 19 -77 22 37 46 57 48 28 -7 -63 45 35 27 20 -81 -53 73 -22 45 -71 88 -29 -95 -77 -45 -88 78 -73 -15 30 16 6 -91 -36 -65 22 -96 -82 7 -70 -69 40 -81 -21 -37 39 -68 -75 -76 -34 -34 23 60 88 79 46 -75 -27 13 96 -79 -21 -72 -38 -62 -14 -41 -43 80 -51 52 -54 44 -62 -56 -40 54 25 1 88 -3 -54 -58 63 55 68 -71 91 -75 -80 -58 -66 69 
42 52 56 4 -3 97 33 -10 84 -39 81 1 15 14 66 32 27 -61 -90 79 17 5 99 97 35 40 89 28 15 -13 -20 73 -19 32 -70 -21 42 -62 38 57 -67 96 -66 -43 -80 60 85 47 96 92 -17 -43 2 2 70 -26 64 82 93 25 82 -17 -19 56 -95 91 -2 93 -1 50 68 38 -2 17 -38 -39 -56 63 46 -30 94 52 5 -72 4 42 -57 28 42 -12 -57 95 -14 -76 -81 20 63 6 -23 35 
54 49 85 -58 86 55 90 68 -67 46 15 -76 -9 -98 68 -80 1 -28 -84 55 -58 49 39 66 -43 12 68 -74 -10 68 87 -28 62 21 12 -33 1 -16 83 -89 44 -45 -29 -42 11 32 30 -29 53 45 -67 -99 17 -42 -76 54 -96 53 -34 -94 3 13 -42 67 84 58 22 -45 -14 -37 31 11 -71 -3 -27 -65 -6 -17 10 73 -65 66 94 -35 45 42 -38 30 62 24 -27 -67 70 -20 33 -82 -22 29 49 -56 
-39 44 28 79 91 40 63 72 -34 -80 -45 20 71 -32 -14 20 -75 -3 46 75 -67 46 -56 67 77 -93 27 -27 56 -45 81 2 19 -41 -14 50 -80 -80 -40 12 91 15 -91 92 -9 46 78 -28 8 41 -61 -14 18 -29 11 -49 42 10 83 -71 -1 -75 69 70 -69 -6 51 67 -16 -65 54 93 -26 71 86 -63 -97 66 -14 -12 36 -17 64 -83 -52 -1 53 71 -83 -12 41 -39 80 -62 74 45 74 -41 -93 -9 
-65 -22 -3 93 -16 -71 -39 2 10 -94 22 -26 -91 -35 98 10 92 96 -5 -10 -83 62 89 -49 42 -6 -28 -17 -60 51 40 -39 -37 53 0 -68 42 27 97 11 -98 -28 -87 96 81 77 30 -80 97 32 90 -90 -95 58 45 -20 72 87 -41 70 -57 -4 95 49 -73 60 2 -6 -17 42 0 20 -56 4 -19 -27 79 25 1 -64 64 -10 82 28 -26 -76 -13 -94 9 -41 93 28 -25 32 -82 3 36 17 -2 -13 
-55 -28 -54 -35 -67 77 -48 -53 -78 46 93 12 88 -10 -38 -3 13 -99 19 73 65 80 42 -25 -46 7 -98 41 44 84 -9 46 -35 -1 -82 15 65 51 34 67 83 65 -75 22 -86 -30 -60 22 37 61 34 74 2 92 -23 -30 60 34 -81 74 63 -65 -3 -46 -53 81 -18 -10 83 15 79 40 -12 -7 42 -57 -32 -79 7 -77 34 89 40 -96 37 31 39 12 -4 24 75 89 -3 69 -49 -84 29 -79 24 -82 
70 -43 -26 -71 62 -15 -18 27 10 79 1 50 -56 68 -14 5 64 -57 -33 -26 -78 28 31 47 -42 50 -83 50 3 -69 -97 71 -63 -49 93 41 -70 58 -50 -16 -77 58 -65 -15 -23 -48 -14 40 -67 81 83 28 5 34 -98 -33 94 -18 79 90 -99 -87 87 -28 77 -52 44 -98 39 69 8 -39 96 18 -91 -8 -78 32 -31 75 -28 64 -45 35 -14 43 37 76 29 77 -44 -8 -17 32 -44 -36 -41 -20 -23 -35 
-90 12 29 63 24 -82 35 34 -77 0 16 -23 76 99 67 24 -48 -71 -1 85 40 -44 -30 -3 -51 -60 83 72 -29 19 -10 -87 20 60 8 62 -54 -19 65 -72 -82 80 -38 -91 69 -25 76 47 -32 -34 -92 -45 83 -39 -15 57 -29 47 -91 -93 -78 -22 -94 -86 -92 -21 -45 32 84 31 65 -88 -48 -92 98 -48 -73 30 9 43 -68 -38 93 73 82 -99 -6 38 -56 -74 33 -4 -93 30 -3 19 -47 -4 -41 52 
86 -43 87 72 4 -80 9 74 -98 73 -95 -41 11 90 27 -30 -16 -65 -57 -87 -95 74 22 -51 -16 99 65 99 -12 -42 95 -93 63 -19 -5 -32 -69 29 67 6 47 -54 37 -89 57 -91 52 51 -98 -92 64 2 -13 -98 -9 -25 26 6 -15 53 45 80 -59 96 41 90 -62 32 -85 -59 -53 90 63 -50 91 71 20 -41 54 39 23 -12 51 19 31 94 -30 62 39 -22 -10 -64 35 51 -23 74 -71 43 8 19 
31 65 67 53 -83 72 67 10 -89 -91 2 70 -15 22 -32 -19 -33 -83 42 -4 -81 -24 44 17 -41 -91 -15 93 -86 35 -4 -73 72 -49 87 49 -69 -5 -3 65 -7 86 -9 86 28 65 -70 -75 86 21 1 -96 -88 82 98 21 -35 -74 -77 42 89 -65 -51 17 -22 10 -59 -93 53 7 11 -71 54 10 -29 0 58 -42 54 -35 -55 4 -20 90 -56 -46 25 28 -63 -69 75 11 -23 34 10 52 -37 -9 45 73 
100 100
-2 -60 87 48 -77 31 78 -91 -25 -59 72 66 20 -85 -1 -84 92 74 5 87 -42 0 94 -44 -55 10 51 -57 -96 -17 -37 -41 -68 -55 -25 39 88 -49 -33 10 48 48 -75 70 87 -89 40 -2 95 64 -79 64 96 -47 -13 12 -20 -1 -6 59 80 -37 20 23 -52 19 50 56 -1 28 -26 43 -10 61 -59 -40 56 35 -56 88 -64 51 76 -13 -71 51 49 83 94 -61 58 9 71 -89 -65 -69 -88 5 0 -95 
8 96 66 29 -89 46 97 21 27 68 83 -91 87 -77 28 58 -48 20 -92 95 -82 -97 -73 -59 -13 1 67 -44 21 -89 72 67 -55 -71 8 -65 -9 -92 -94 34 -14 -89 -72 76 59 -11 20 26 35 66 43 -72 -81 -92 -6 -97 31 6 -8 -50 18 99 85 -34 15 89 58 1 -2 54 61 -92 -46 70 -19 30 50 52 99 74 -15 24 -28 -95 -17 18 -9 -57 45 -82 12 0 50 -24 -24 10 14 48 24 -86 
9 2 -85 -79 89 -69 -78 66 10 -7 1 -99 3 49 70 29 -3 -51 -15 -16 -21 97 -91 76 76 -10 48 39 -87 37 -85 92 97 -31 21 49 34 33 59 -38 -88 31 -44 0 50 70 83 -68 -62 -69 31 -24 -86 -19 -33 -26 31 47 -94 -32 33 65 -36 57 -87 -76 -81 25 60 -9 12 -66 -8 -81 84 -8 -61 62 -75 57 -40 -80 -32 99 95 -45 -62 -46 0 -70 97 -33 18 99 -49 86 -29 -6 -95 -62 
42 99 -52 99 -65 85 -39 -64 -3 -36 15 63 -6 -38 41 -51 52 -85 -73 12 -47 41 2 16 -76 -82 -22 83 37 83 -92 -45 72 -82 67 74 98 12 92 -63 47 -57 82 80 -31 11 -93 35 96 67 -4 -75 78 83 -5 29 2 -82 -31 71 67 -94 25 -61 -9 2 -66 84 -5 0 -28 8 93 -37 62 9 15 14 -21 -18 48 -12 73 -55 52 25 -94 -29 85 -30 -26 -62 -73 26 44 40 -24 -77 66 -58 
9 88 67 -37 21 -4 99 -91 -93 -98 -27 18 68 49 27 99 -88 -16 -9 88 84 13 92 45 58 78 38 45 15 -36 82 -61 -15 7 48 44 -50 77 -47 -16 98 -43 35 -54 -7 19 51 6 83 64 -1 64 -28 35 27 -2 -77 -49 -98 20 -1 72 59 16 -73 -34 -16 -99 -7 -47 -10 82 -7 -70 61 -24 60 -75 -42 81 90 18 -46 -50 -65 -17 98 -9 -9 -35 61 -13 -26 -91 -67 -30 -44 -68 25 -66 
75 52 20 99 72 -28 -31 15 47 35 58 41 45 -85 -14 -53 0 46 -30 29 25 18 40 96 -69 -79 -83 44 14 -71 31 55 -59 -81 57 74 -29 62 67 0 -14 -98 13 -24 -79 56 77 16 -31 -49 84 -61 44 83 -11 -45 44 -78 -42 -74 -42 13 1 -85 -15 -90 -54 5 91 18 -8 -5 16 -34 -38 29 45 -42 3 -51 -18 14 73 74 -68 24 -5 -91 91 -67 -91 25 -26 -45 -54 -70 56 13 50 10 
-97 75 30 64 -2 56 0 85 83 -64 -54 59 99 15 63 -68 55 42 -52 -98 -23 -4 -2 47 6 -96 56 40 38 98 -37 9 -94 -95 89 -98 -7 40 2 -54 67 -14 -43 -59 89 54 89 -20 0 -64 67 13 50 9 -67 24 5 -32 40 -63 81 -98 65 -76 -41 -76 96 75 3 8 -29 17 62 62 -30 87 70 -47 39 83 31 -72 -4 77 38 59 -68 0 67 -82 -27 -95 62 94 -9 -45 56 -8 7 27 
-30 74 -92 -92 -39 -95 -50 20 24 12 11 -89 74 95 -55 -31 -1 68 -3 80 -40 -38 9 -28 43 -9 -80 -35 -68 -69 24 50 88 6 -59 40 -87 -86 -41 -77 6 -26 36 -43 6 -26 29 -40 -14 13 45 -98 -8 -35 -79 7 29 -32 -46 53 -81 -73 91 -23 35 92 2 8 40 78 87 67 -50 -22 -76 34 22 -11 -80 35 -69 -10 65 70 30 -99 -13 -45 54 -3 32 32 13 18 -32 -46 64 66 51 -73 
22 1 -90 -36 -3 -88 63 15 13 78 -37 58 35 -28 -11 -66 39 -37 -47 77 -31 66 -68 37 17 -17 15 -6 -15 76 29 73 91 -45 -86 11 31 -39 -91 1 -28 -61 27 -84 78 91 49 84 55 -71 -80 6 -57 9 48 -56 -16 -69 -59 -11 68 -16 95 27 67 -16 -35 -27 38 -79 -58 -55 -95 -95 -43 40 38 52 -45 -1 98 -58 35 1 53 -81 27 -5 12 68 58 -23 -38 20 86 -47 96 7 1 -73 
-48 -92 -57 -19 0 86 82 37 33 -57 -45 33 -58 -87 37 10 20 -45 -54 -37 6 14 -45 15 7 14 -27 64 67 43 28 27 9 -81 23 -21 -27 -76 -19 -64 30 -14 7 -91 48 -4 -66 -67 45 7 -6 8 -86 49 42 72 56 -23 -44 41 -60 -51 -41 -9 -68 57 57 69 -49 -83 -39 -18 -43 -88 -13 65 16 -51 67 89 20 -20 -22 54 23 89 -92 17 35 -5 -26 1 62 79 -16 58 -55 95 8 -79 
8 -6 -97 -50 89 -73 -67 35 64 69 -74 62 69 -79 29 -6 93 35 -17 53 -96 -3 -76 44 -66 -92 82 5 53 63 -65 36 79 7 2 69 -1 -15 32 -98 36 -35 58 15 21 76 -77 15 -82 56 -95 -67 -24 -32 -97 -49 77 47 40 42 57 -32 67 2 33 -14 -73 -11 -84 22 -81 79 97 -75 54 -51 20 74 -2 -37 69 -46 -49 -73 -4 -59 81 -4 -19 -10 45 96 77 -1 -30 63 -15 -50 63 8 
-47 25 -21 -14 36 -53 -28 69 -65 -45 38 -55 -74 -19 -56 47 68 -64 -38 81 -66 0 -22 59 -23 66 66 -85 -70 14 41 -72 94 40 60 -41 -15 -52 -13 -55 -84 77 61 72 88 -15 80 -21 85 -12 -37 37 -37 -94 71 46 8 9 -86 -55 90 10 -2 35 18 -71 96 39 -94 -57 52 -59 53 61 -77 -15 45 57 -50 -39 69 -93 83 33 82 -41 1 99 -16 -61 -17 -79 -84 -63 37 -2 -87 -14 -70 -73 
-85 -56 62 19 74 -12 -11 37 92 -96 66 -82 -59 61 -75 70 63 -11 -41 10 -22 67 82 81 -34 95 -95 -79 48 -97 74 4 77 -67 -13 30 -87 -83 -90 -95 -2 -48 -77 69 0 -75 73 23 -79 50 1 -92 -43 24 12 93 -99 71 50 1 -85 2 -53 -96 90 39 45 -42 -69 10 49 -43 29 72 -85 -31 -60 52 -3 9 -20 76 -86 82 83 -74 -80 -27 51 2 63 35 -38 44 0 23 42 24 61 68 
-6 21 47 25 57 -41 -40 63 -18 29 -23 -28 72 -5 -76 99 6 83 -31 80 -89 13 63 -93 37 45 -32 37 -44 6 -59 36 -8 -26 -20 -5 -79 33 11 19 -52 96 -28 -19 -95 -83 -43 84 -98 -93 4 -54 13 61 -8 -92 -98 -72 -54 40 -40 63 43 61 0 15 87 -81 -72 58 76 -75 -74 9 9 0 60 30 56 -96 6 7 86 -43 95 41 95 31 -36 21 45 -44 -88 -2 31 -12 -81 20 -20 20 
-82 -73 23 -10 -92 12 21 -19 -89 -12 53 27 88 -67 38 -42 8 -90 -65 -59 -89 -2 27 70 -49 -96 -1 -82 -5 -64 68 24 42 0 -29 -84 31 -92 59 -63 99 12 -77 37 -76 -29 -91 37 -5 -68 96 -7 4 -40 41 -46 -39 -23 -1 47 52 -9 29 -47 30 21 -73 43 77 -48 -99 -44 56 -76 -22 48 -52 -68 18 -58 31 39 96 -20 80 17 2 -38 97 -88 31 -46 15 -72 -83 69 -92 61 25 14 
-20 -55 4 9 48 21 57 -58 96 31 53 57 -87 -86 -96 53 24 -96 -95 -68 -24 36 -80 33 10 49 71 90 -69 59 59 2 -46 92 -62 -24 28 70 33 4 -36 -67 9 -90 -54 28 -75 -77 37 0 99 -72 -42 57 78 -22 36 6 -3 4 -97 -31 20 -48 -71 -39 29 -56 42 91 -55 82 66 96 25 59 -8 -4 -90 -51 -98 -27 -58 -15 50 -34 -7 -56 22 -83 -20 -79 -4 -14 -44 62 -91 82 34 -20 
-47 -86 68 -69 -5 45 -79 -98 93 51 -17 -60 5 83 19 11 -17 46 10 -22 2 -75 67 -89 47 86 -41 -26 -6 -20 3 80 49 3 -19 65 -58 -79 -54 -27 86 0 -24 86 -38 25 -29 67 98 85 31 79 43 17 39 -99 97 52 29 -18 2 -71 -55 7 -24 -8 73 -14 -80 -46 17 -70 -5 52 77 35 9 53 81 -76 44 1 -37 43 -41 28 30 82 -4 63 24 -44 -96 -55 -45 78 46 29 -44 -88 
-66 -45 -89 -65 97 93 -56 -52 -71 -3 -48 25 -98 -6 97 -56 -34 0 -14 53 -93 15 -64 52 -9 90 67 -99 91 -58 58 -81 -30 -7 -17 -56 -65 -32 -50 -39 -91 69 31 25 4 4 25 -99 -19 45 13 60 -86 11 -79 72 22 -17 -53 97 -94 39 -19 4 14 -22 21 -54 19 74 63 -64 20 -13 -88 -72 83 85 -43 94 -51 53 12 -83 53 -12 78 98 28 -2 26 98 88 -78 42 -32 -79 -83 22 32 
58 81 -42 32 69 70 22 -79 67 -72 31 -37 -72 26 -52 89 -7 -85 -25 23 93 -93 -27 1 -19 -94 -55 5 -14 56 6 93 89 56 62 70 0 -95 50 -35 40 -57 11 -93 98 92 67 14 64 -55 57 12 -88 -15 37 72 -91 20 10 99 71 65 78 -29 -10 -23 28 -80 76 -63 -96 -66 38 8 80 67 8 -12 -71 45 -30 -17 76 -92 -91 -47 55 -5 -35 59 22 58 -16 -89 -19 0 -88 -99 65 -14 
78 13 -91 73 99 23 89 27 -30 -20 -45 -35 -9 13 -17 49 -59 68 53 0 -90 -72 -64 -23 22 47 -49 5 47 -46 46 -69 -95 1 28 -76 -74 26 -38 66 -85 -4 64 -43 81 43 66 52 -59 -68 23 -34 -34 -53 82 -91 -96 44 75 5 -54 -72 96 -87 -54 37 64 23 1 -42 -35 -5 4 21 87 -60 -15 77 -85 49 -65 -43 -77 -89 -6 9 51 12 12 -83 51 -38 40 -94 79 76 -32 -29 -30 35 
-92 -48 99 -34 28 -90 -16 -24 31 77 -25 -49 17 70 -6 -16 79 -58 53 -96 84 -81 -57 44 4 -9 50 -79 -2 -80 -67 -89 11 61 58 75 62 -75 97 -74 -58 75 -91 49 14 67 28 -97 -19 11 43 75 54 -58 66 89 28 -42 -31 35 -13 -75 43 -63 -52 74 86 91 52 -50 6 -78 22 0 46 -33 63 30 29 -79 -53 49 51 17 -64 -45 -78 70 28 -90 37 -95 -24 11 -66 80 -93 -51 -50 -72 
-4 -4 77 61 21 92 97 21 95 -98 -83 -41 71 -12 40 -54 91 54 -46 82 -48 90 1 -95 -36 54 74 -87 -2 -85 64 15 34 94 56 34 11 48 -33 -85 -33 18 -39 -59 -72 11 51 -1 55 93 34 12 -68 29 -22 -88 -90 59 82 17 35 -4 1 23 -28 -26 97 -35 -31 -22 43 -97 21 71 92 -89 92 5 38 -97 -18 3 -41 -81 46 -30 -97 -27 63 -81 -61 -91 -33 17 0 48 -53 -29 94 32 
25 5 -79 67 -13 -10 92 -25 69 -2 -65 -74 52 -13 81 -7 0 45 58 -75 -88 -65 44 -61 -76 54 63 37 -40 -25 92 -38 -10 0 5 -15 61 -2 -78 -38 -26 60 -6 -42 25 -41 -25 -49 -30 16 -35 -75 27 -26 -39 -97 -39 51 71 -33 20 6 -26 5 94 -71 43 -55 -55 -31 -88 49 76 -16 -14 -17 97 74 42 -9 78 -90 84 -83 36 -3 77 47 -90 4 0 94 -82 -23 36 31 74 4 40 49 
-22 -53 -48 99 -33 21 94 62 70 -75 15 41 -29 78 82 -13 71 63 59 -81 -84 79 -37 -19 55 -77 -59 46 -42 94 -42 70 27 -62 -80 14 33 -64 -13 74 -30 -20 -65 -26 -73 62 -63 -27 -63 -98 -20 -73 26 -14 -14 6 -55 17 1 94 3 74 -37 -56 -4 35 -29 82 -91 -66 -66 -39 -99 27 -61 7 -28 67 -43 82 26 -37 78 -73 80 -72 -61 74 -54 90 47 19 27 79 63 45 18 22 78 -24 
50 68 79 53 36 40 82 -21 89 46 -28 75 -78 81 -56 18 -62 0 81 -40 91 95 -52 -18 65 -10 -94 93 -9 -4 -94 45 3 -84 71 -26 66 -10 56 39 28 -28 -64 68 -16 -83 -15 45 -83 15 -62 21 -28 28 -46 10 27 -93 8 -88 86 -63 -58 76 -79 33 77 78 -51 44 -9 51 93 -88 83 28 -70 -37 -92 94 93 -92 -77 -22 -87 6 -77 -78 65 59 -87 -62 -2 56 -16 -36 -86 -15 -66 72 
26 -79 71 -13 -61 -95 -32 -51 -12 79 -67 -56 31 15 -34 12 13 -18 -82 -4 42 38 85 17 -91 7 -89 -9 19 9 -28 -12 47 56 -63 -33 42 38 -21 67 88 45 98 -11 -24 66 -61 45 67 70 23 35 -74 -98 90 -89 -35 -84 -64 21 72 87 -98 45 -60 73 -94 -44 -79 60 -33 -97 95 31 -9 34 -57 49 12 -52 -71 49 73 65 36 90 -37 52 -67 -35 -57 -64 -23 -69 32 45 -44 24 36 96 
79 39 67 -21 65 -59 45 -76 -32 1 -55 -46 50 -78 -16 -58 30 6 -97 15 22 4 20 -5 -92 -30 -73 81 -53 2 -82 -64 50 0 8 44 2 -25 73 68 -83 -65 -92 -57 32 77 91 -72 -98 32 -56 -95 11 10 94 65 -11 63 -44 -45 93 72 15 -9 4 7 -53 17 -45 58 7 95 -6 64 -55 -31 -94 -98 -41 14 41 37 96 -50 27 34 0 57 -27 -94 25 -23 68 -29 81 0 28 -76 -96 35 
-63 84 -75 -40 -53 -92 7 95 -37 -93 57 21 -82 74 0 -91 37 -53 -79 51 -74 88 -59 -53 -33 96 -74 -51 -35 39 15 -63 25 59 -71 79 47 -85 -72 17 -78 67 25 3 0 -48 -19 -71 -77 40 -64 49 -85 31 -99 -45 -78 -62 -74 -71 -73 43 48 38 -10 30 6 1 -46 66 25 -84 40 30 30 90 39 -5 -34 -95 -54 -51 -39 -48 35 -6 -98 65 39 46 35 79 31 25 23 -7 -27 38 -70 60 
-37 -2 -85 -75 -66 -50 32 -99 99 -69 80 12 11 35 81 48 16 44 77 -86 -89 -65 -87 64 44 -80 -24 45 -74 -10 -61 28 -48 84 15 17 -50 -95 -64 -74 -92 -95 -47 11 -41 -9 0 59 34 47 -35 -61 57 8 14 -36 -14 -88 30 -89 -5 -76 -55 56 12 98 32 71 -9 79 71 66 38 23 -43 -75 69 -8 -69 -29 -61 -80 -94 -75 79 13 -95 -71 97 -10 -60 -29 -32 83 68 -50 43 18 19 7 
11 -83 27 -41 52 46 0 -5 -8 17 -66 59 36 65 30 43 58 34 -93 71 -4 -74 67 -99 -10 -49 82 -73 62 32 25 87 -42 8 -17 30 -65 60 85 -70 19 -88 56 42 20 24 -97 56 0 85 31 -46 74 67 -63 42 82 -45 53 59 -32 -60 -20 -41 -49 -44 -23 -36 54 11 14 -59 -96 10 74 51 92 -25 1 -83 -88 43 -34 7 -87 99 -65 18 30 91 23 -77 -36 -19 -8 -3 -36 -83 -2 44 
-48 20 -53 40 -51 -29 -14 -84 -98 45 -73 -77 -29 12 68 66 -68 -13 7 81 -14 96 53 -79 21 -12 -34 -98 81 37 26 18 53 -3 73 55 -33 -82 9 -47 43 37 -1 15 11 54 -15 41 61 -79 -75 -39 -97 9 31 33 -84 -96 -90 -96 -28 -89 -87 96 55 17 16 70 -33 -81 20 -8 28 94 -10 -18 61 15 40 -53 63 -87 -26 66 39 -50 -86 99 -95 -60 3 -78 90 -97 -36 -12 -39 -6 -55 -43 
-95 43 -39 77 79 -63 -82 -40 -17 -50 -3 18 -28 -6 22 -39 8 -48 -77 -29 96 -5 -65 70 31 -26 8 -84 -36 -41 -5 -53 23 -3 -79 -80 99 12 40 -8 -94 99 -71 65 -45 63 59 20 98 -57 -66 -83 -1 -58 35 -58 47 -52 36 6 59 -13 34 -33 59 -91 -32 45 8 94 61 3 26 8 49 -26 65 11 -71 -98 -1 9 -52 -16 -66 -71 -64 -46 -86 65 -71 -82 -93 6 -85 -25 63 83 -23 -46 
-83 -88 21 38 58 46 94 -97 -91 -41 86 -35 5 40 -99 23 -85 30 -3 29 75 46 18 42 -51 -7 84 -10 -27 -67 44 93 40 -37 31 -9 60 20 -98 -8 -5 -44 -77 99 82 6 66 -46 -15 80 59 88 92 81 65 96 -37 -34 58 -68 -93 -57 55 36 -80 41 45 81 93 6 17 87 30 40 -57 -48 -97 -42 -24 4 65 47 -82 74 48 60 -46 21 -44 76 -29 75 -12 -20 -53 -17 -69 -97 -16 -49 
-31 -81 34 67 50 72 -32 -27 -92 41 -86 68 47 89 80 19 -11 93 97 -39 -61 -93 95 51 70 70 -9 -76 20 -99 13 -84 26 23 -80 16 -1 98 -59 -61 28 65 -38 34 22 -52 11 38 3 46 -71 -16 -83 -92 -98 63 -93 -19 70 50 -47 70 -62 28 15 -23 41 95 -73 62 -77 54 51 -67 -63 55 -61 -62 -94 -34 -25 31 31 -8 9 -39 -68 -62 5 31 98 56 89 81 -48 55 -8 -37 -21 -19 
-49 -27 -99 -41 12 -27 -23 -81 2 -37 -12 -88 -25 -73 -11 -87 -64 -80 52 -50 -4 51 -60 46 -10 23 -8 90 -95 78 20 -27 28 84 10 -40 88 68 67 31 -79 -9 63 -73 4 48 -84 28 -25 58 -12 45 -54 -1 -55 -95 -88 -78 -35 32 -53 28 -72 -27 -62 70 88 13 -7 83 91 -81 64 32 15 -43 36 -10 33 -15 -25 0 50 17 17 -43 -66 57 -65 23 17 20 39 10 35 -48 -59 12 60 -27 
-26 -29 -26 47 72 46 -51 -87 -51 -14 -62 14 -77 -21 -21 -61 -61 21 -44 -40 72 -53 -55 53 19 -57 91 48 -51 -41 65 -70 45 -34 -54 43 67 14 -37 -3 3 55 -81 79 0 78 8 -31 -94 38 -36 -32 72 -6 62 79 -84 -67 -8 69 -64 20 -42 93 -40 -25 -73 -94 73 95 85 50 -59 -43 9 -1 25 89 1 47 -37 41 -86 -61 88 -36 81 -66 52 -38 -98 -60 39 6 98 -59 -23 2 23 -80 
-25 -2 27 -22 -54 -96 59 54 -26 -13 87 75 79 70 67 -75 35 45 92 78 5 -62 -25 32 -38 96 34 70 24 -33 53 53 -24 -20 49 15 -67 -81 -44 -50 -58 -67 95 25 -55 35 84 -51 48 -31 12 -78 -66 52 -35 46 57 1 72 -89 88 -69 54 -22 15 -15 -21 -16 -35 -76 -2 30 94 26 -39 -64 -30 -63 -26 51 65 -27 25 13 -75 -49 19 -28 0 47 90 1 -83 40 92 -56 47 54 74 -77 
4 0 59 -18 44 4 20 -36 77 -12 -80 96 -80 21 55 -37 -13 -51 28 -64 -47 59 75 89 -37 48 52 -87 -97 -29 -3 -78 43 -67 55 -35 -6 -35 -71 -11 -47 -18 -21 31 -6 -15 47 74 -1 -38 -90 90 27 18 53 2 -81 26 18 22 78 3 94 68 -59 18 -33 -56 62 65 -65 -64 -2 88 -82 45 56 -7 -33 41 0 -46 41 72 68 89 36 -65 5 -37 -49 -44 68 -82 -98 -41 -67 1 -97 -6 
-55 39 71 88 34 -46 98 28 29 -68 -42 -81 -89 -8 52 68 -99 92 -99 75 -51 89 90 81 -83 24 -16 -35 18 -54 -46 -43 88 27 36 83 -84 52 78 51 -9 38 -73 -16 -31 -74 82 -58 -7 30 25 84 -84 -85 -78 -46 73 22 -26 31 62 -58 29 92 -36 -29 -89 -62 0 18 34 -53 55 82 46 19 75 -47 65 11 -39 16 95 -86 66 97 -31 62 47 -26 -34 43 -85 -91 60 85 36 8 46 -6 
33 -73 45 46 43 -60 40 -89 63 30 32 97 -84 27 -93 2 -24 69 -21 49 60 -19 -45 -59 -36 -99 50 -50 75 -79 -11 46 -84 48 -19 97 -36 -12 59 -42 -5 -40 87 81 -2 -98 -85 -25 99 -89 -59 39 -33 -74 5 69 -79 71 82 -63 88 -68 23 27 25 7 -72 81 86 -38 -44 35 41 55 47 77 -93 -95 -42 40 -62 26 -28 7 -9 -5 -99 81 -38 -86 59 -53 68 -99 -59 8 29 -73 -63 -12 
59 58 88 5 2 6 15 -76 78 5 -30 -97 23 -66 7 16 5 -36 0 30 -96 -71 20 -63 -59 94 82 -33 -63 -42 63 -83 15 78 -50 36 80 -41 77 61 78 -2 -43 -4 66 -91 70 -70 -12 58 40 -76 14 77 70 23 -7 92 8 -97 -59 50 -65 -76 71 7 -54 2 7 0 -70 -92 77 45 52 86 -72 40 89 12 -53 -94 18 -8 81 -88 -55 -10 -88 -66 -32 46 -37 -58 -97 -60 67 11 -94 43 
77 -58 64 16 42 -29 -79 28 -37 22 67 -87 -73 -90 -88 -35 31 -86 65 -1 85 61 4 70 16 -88 -45 -24 -80 45 -80 -35 37 45 -58 97 3 -27 50 -40 -58 57 97 -97 69 73 -67 68 15 -25 -90 25 35 -62 -41 -84 57 42 67 62 1 -97 36 -84 -6 46 27 42 -14 14 -32 28 -42 72 -47 85 -49 71 -31 56 -78 70 12 89 23 -11 -70 -23 -7 -61 69 65 10 10 -19 -96 41 63 47 -86 
-85 -46 5 -6 -54 37 61 -35 38 22 8 10 12 -75 65 -80 57 -84 -65 84 -21 79 40 -48 7 15 -62 -67 6 45 -19 6 81 -87 70 91 -90 -3 27 -16 0 -25 -31 -83 -6 -6 44 99 -82 -94 24 90 86 52 -11 -39 88 71 -43 -67 -49 63 -29 7 -11 10 67 11 84 -88 53 -24 13 30 10 -95 -52 5 -4 51 -82 71 99 37 3 44 12 48 33 -66 11 -22 44 -47 57 -84 -55 -80 -18 -37 
3 -71 -48 79 73 25 8 -70 -27 17 71 -47 -69 94 84 76 -14 54 95 -75 16 -24 36 -77 -19 23 -82 -50 -67 86 -53 73 -14 -98 -27 31 65 -58 82 -22 -83 -7 -59 -54 -96 1 12 -2 6 23 -72 50 78 -40 -53 -59 -4 61 -66 -68 -22 30 -45 -64 -32 95 86 3 -11 -35 -78 -30 -59 -16 31 29 -4 25 -73 75 88 -94 -27 92 44 -9 -88 10 -54 -38 44 14 40 86 -9 -91 -45 -32 -79 83 
48 17 -99 77 -84 25 52 -67 -41 97 43 31 -84 24 86 60 -9 -35 49 -77 50 -45 10 69 -33 25 77 -13 29 16 -64 -99 -67 -56 99 -67 77 40 -62 0 -95 64 98 5 -23 -16 -93 -50 -33 -40 3 -71 41 21 36 -35 -44 -93 12 42 39 74 -35 79 -32 58 -62 64 -19 -18 1 -99 -9 36 -42 7 -47 -27 -23 -65 -27 -69 -30 -76 -63 -75 49 -24 49 -51 14 1 -83 72 -73 92 8 12 -96 55 
-54 7 -59 -51 -40 5 74 -42 -61 -71 75 -67 -90 -45 56 -36 -39 34 31 -96 92 -63 -20 -26 -21 -96 25 -25 -12 -3 -3 61 -69 16 -16 90 38 14 32 89 16 -6 51 -5 -3 -37 0 46 -14 66 -22 -32 -57 52 -88 77 -9 39 -43 -55 -19 -62 33 2 53 8 67 37 67 -76 40 90 26 92 96 54 93 32 -1 -93 -32 45 -24 59 2 -7 57 -98 -31 17 34 -7 81 4 -77 -17 -32 -4 19 90 
67 -76 -53 88 39 -20 98 -54 26 -93 30 -47 -72 -55 -59 -1 -47 -61 2 -19 47 -38 -31 -14 60 -96 -12 49 -23 75 -83 18 -38 80 96 -51 -58 -4 -88 47 30 -69 34 -9 51 6 -69 15 -63 65 -80 -39 11 67 -71 68 43 34 6 66 24 0 -22 93 -69 -17 64 -54 -48 59 -99 -35 0 -44 20 -42 -51 75 -85 23 -71 -3 -71 -72 -7 93 49 0 10 -1 -27 -4 2 50 86 3 -53 84 71 -46 
-33 54 54 54 90 85 53 -50 39 76 70 -97 -71 11 -98 -13 57 6 -63 -22 0 15 -93 -27 -54 -98 68 49 -78 69 -31 17 -22 -9 -25 -78 20 65 -37 91 0 83 53 70 99 86 -17 55 -61 55 -76 -11 -48 -32 90 56 -26 -30 56 39 -39 -45 -60 -41 -93 -75 -55 84 -78 -11 50 16 -41 -54 61 17 26 37 -27 66 17 -49 -13 12 28 -48 -39 37 -85 -83 -24 18 49 -46 48 -53 29 -85 -33 -80 
38 4 -53 0 -53 -46 -93 -61 94 -83 -15 22 -74 -40 55 36 -59 -9 88 47 -8 60 -65 15 -88 -47 -60 50 -4 55 39 13 -51 53 37 -5 -24 -56 -93 8 3 -45 -96 -36 -28 -15 -28 -79 -9 -75 93 90 -74 -92 88 -95 63 47 79 90 75 9 31 85 -84 49 -35 -82 -8 -32 -74 71 99 73 -50 -57 -7 67 2 83 58 -19 -34 2 -19 -90 89 -3 -86 -60 2 -94 -10 81 7 0 65 -96 -31 47 
-27 -28 99 7 29 -32 96 3 -5 -74 -64 89 54 -66 -16 40 41 83 35 34 -24 68 41 -15 -90 77 46 -75 -54 58 -41 19 72 -71 -29 -33 43 -29 -4 88 -88 33 24 -82 -86 41 -76 -53 68 -76 5 -23 12 -39 -71 -29 -23 0 84 -37 -70 -26 6 27 -85 21 58 -50 81 2 -19 40 35 -1 59 -81 -99 32 -24 -36 96 -3 61 66 99 44 -42 -34 45 0 56 -17 -61 -26 -85 -78 43 7 -66 -42 
-72 -76 14 -13 49 -22 22 -82 14 80 -21 -95 -19 16 56 0 22 3 5 -35 -80 93 43 84 -25 -62 91 -57 60 -5 -80 30 18 -84 -86 -42 -84 -9 -53 -96 -81 14 -97 -49 -32 33 -20 97 47 -59 45 -85 -45 66 -5 5 -21 -28 7 -24 90 25 59 -28 53 58 -39 73 28 -84 -6 -45 52 34 -23 79 -30 97 -39 56 -78 -46 -86 -71 -90 72 35 50 61 -96 31 -14 -50 -52 61 72 6 -45 -64 31 
28 -30 -65 52 68 7 -80 51 97 30 14 -77 24 16 39 16 -64 -65 41 12 -99 -97 -36 -20 -88 2 46 -42 73 -46 -95 40 0 -83 99 77 85 34 -28 -78 -37 -10 -26 15 80 90 -9 -11 -65 35 -8 -77 93 -85 -5 -53 -93 68 15 -42 -16 40 22 -98 91 -84 -49 -11 -66 -59 -24 28 -26 -30 49 -81 -28 32 -1 19 -69 -44 -69 -55 82 -8 15 -4 97 19 -11 -99 -84 89 -93 -71 63 19 58 -67 
75 22 -74 -24 -85 -7 71 -8 59 47 98 42 94 -76 -91 20 -5 34 52 31 58 60 -63 -24 -67 -31 28 -75 -93 -77 83 41 58 -68 -89 37 46 -27 -2 93 54 85 71 -35 -56 -64 12 0 63 7 -72 -66 -43 4 -21 -56 -46 63 52 -52 84 84 48 24 60 -44 -52 68 -16 -64 71 57 -62 -85 -86 -34 38 52 93 9 52 32 22 -50 34 11 -41 -34 -24 3 83 -27 18 -54 -76 15 -34 -55 -96 -19 
-90 32 0 22 6 13 95 97 -15 -5 93 -73 13 72 22 68 58 -1 33 90 18 -31 -82 -16 18 -80 -37 45 56 -5 -56 -44 -87 -96 19 25 -58 70 -90 -72 -88 85 -22 -47 1 5 -33 40 -40 -49 -18 89 -67 56 39 90 -32 -43 23 -17 -70 -89 -50 58 -85 65 -38 32 22 76 -15 84 72 41 74 -97 -83 -29 -86 -93 -36 11 -96 40 -67 -83 -49 40 25 -3 27 -66 15 31 -30 71 -35 -16 13 65 
-82 63 -47 -56 -78 85 -93 18 78 53 -94 -15 38 39 -62 -93 30 -87 -19 -29 63 -62 84 -65 -86 49 79 44 -37 79 7 -43 -65 60 39 18 97 -72 50 96 21 83 -88 -88 -14 -7 55 42 12 -21 -62 39 -13 80 24 6 40 75 -51 82 -33 73 -48 -79 46 -5 50 -90 -46 -21 -41 47 -93 89 0 48 -25 82 65 -45 37 72 -84 56 81 -86 73 73 -32 33 -42 -77 -39 83 31 55 -14 6 -20 -79 
-89 -40 -28 -72 -67 58 17 -17 -41 -68 72 -12 97 27 -18 3 75 -62 -88 -51 84 83 48 -12 34 -20 37 -71 -48 -14 64 -29 -1 40 -98 70 40 89 -29 30 -7 -22 12 -83 61 -92 -30 83 -35 84 47 -4 93 19 50 91 -34 73 -25 -21 17 96 -82 -38 68 -11 43 50 -57 34 56 -5 8 96 -83 39 71 -30 90 6 42 -83 59 -39 -20 39 41 -4 -21 23 -99 -54 0 -92 32 58 -32 84 31 27 
-39 32 -48 -85 -40 -65 59 -11 -91 0 -66 8 78 -3 38 -28 45 32 -97 29 19 -8 -47 -53 10 11 -87 6 -13 -20 -72 74 -95 82 -33 36 17 25 -21 -58 47 77 -26 -4 53 -19 98 -46 -54 15 22 -90 -86 79 -90 3 89 -37 -51 57 -46 -6 7 62 62 89 68 -41 -48 -9 96 35 75 -23 46 74 89 3 -35 -31 93 83 -43 -19 16 -54 -4 52 95 -72 87 -83 -58 95 83 60 47 29 -48 24 
-18 63 -45 6 -83 -68 85 -22 18 61 76 80 49 60 -58 -13 57 -62 -46 89 45 66 -44 69 -89 99 -39 86 3 23 13 -23 -13 -61 63 81 88 -61 68 61 -75 3 -53 90 -23 -77 59 -49 -87 -11 23 84 47 22 44 91 -48 24 -18 36 57 14 89 -21 -17 68 -51 -78 -34 -41 -61 9 18 63 54 51 -60 -80 -96 -69 -66 -73 27 5 67 -30 86 14 63 48 31 70 -19 -5 58 51 -88 -25 96 92 
82 98 -69 1 65 66 -31 -82 -70 28 -3 -95 -88 83 41 -90 34 99 -75 -44 76 30 -7 -31 54 -81 91 80 -44 -57 -18 -74 69 98 -67 67 -65 10 -71 -68 -5 -69 -80 21 -53 19 88 -29 -26 -29 31 -57 65 98 -9 87 -13 -85 40 95 87 -36 -73 31 41 30 -83 -3 -92 98 64 57 -43 33 29 -97 -94 68 -28 5 51 -34 -37 24 -34 -38 81 60 -46 57 -67 -11 81 -17 -88 -51 6 84 2 -25 
-75 2 -88 53 -90 77 -67 -53 5 -28 8 61 39 68 91 -78 -95 -33 -15 0 44 -87 78 -98 6 81 34 -30 9 22 -2 72 70 -38 -55 -35 60 57 97 16 0 0 -93 39 95 -5 -41 -81 -74 -1 54 67 24 -11 50 -71 -3 32 -97 -86 91 -18 52 95 0 66 20 82 83 -30 -9 38 -82 -60 44 -68 57 -41 66 -35 13 45 57 18 -5 -86 -30 -18 61 9 54 -15 28 16 55 1 -62 46 34 -24 
-5 -12 1 -66 -70 53 -50 86 -44 44 6 29 19 -22 16 -48 -93 -49 64 24 43 -53 -32 -22 -40 -71 11 -87 24 77 56 -64 -60 -88 -41 53 -70 -44 55 91 49 -20 -12 67 79 45 -33 9 -8 -89 63 70 -35 84 10 6 62 -17 25 83 -32 76 -90 20 67 -72 53 -7 -54 -12 21 -32 -11 99 -59 -25 -38 39 -18 -69 -63 -34 -93 50 -5 25 -73 4 -57 3 -12 -95 -68 53 -27 -98 -82 81 6 76 
-21 -97 -89 -53 -4 -60 -18 45 82 16 -1 83 67 -10 54 -95 -46 -86 -63 -13 3 23 -40 86 -68 -21 -75 -76 3 0 -94 30 -30 -69 -35 -72 11 41 -39 -69 31 40 57 58 28 34 6 90 -1 32 0 12 -52 30 -56 -75 94 57 -80 -2 -96 23 20 24 27 -1 74 78 75 23 -42 -21 -15 69 -57 31 31 -74 -92 4 45 73 -91 -75 -48 -36 24 -40 57 -61 -85 -84 56 -40 14 82 24 19 35 -53 
-80 -33 70 56 -18 76 59 -4 53 -56 -91 57 51 -35 -40 -85 29 97 31 -36 -87 15 -72 78 -41 88 -26 -54 -21 -9 -96 -81 11 -42 20 85 -19 -47 25 7 9 -80 21 -85 -53 72 19 62 -69 87 -44 -34 75 23 15 -34 -89 60 -50 -27 -16 83 -68 -75 24 -64 -7 -95 -33 -22 -13 80 78 -45 -97 41 -10 54 42 -98 3 -50 -83 98 -99 5 89 20 -14 51 -77 -80 -47 36 27 36 -12 95 65 -95 
82 99 46 19 32 18 -56 -80 83 20 -44 50 -54 -85 12 98 49 88 9 54 14 29 -83 20 -54 32 -61 -37 94 13 -5 -30 55 38 6 96 4 -47 95 44 -68 40 96 51 -57 88 8 -28 -10 -65 -27 -24 -12 2 70 -59 96 -98 -76 21 -15 99 -77 -52 -24 -66 63 18 95 2 26 -34 37 50 10 -19 -44 -73 24 -19 31 -69 7 90 -72 66 -84 85 -79 -41 77 88 42 -40 -66 -24 63 -96 -64 51 
93 43 13 83 60 -79 -56 -14 -97 -19 -71 -96 27 -56 -65 53 8 -79 44 75 9 -54 -20 67 45 -5 -11 21 -41 -13 4 15 -60 24 -35 -75 49 88 49 8 -92 -27 18 -21 28 -6 -2 -19 24 -42 -51 -28 46 -93 89 78 67 36 -81 8 -60 44 -40 23 -14 -14 23 52 -99 56 -47 -30 -88 -1 34 73 76 -76 -56 72 -17 87 49 14 -27 46 -36 -9 59 65 85 19 11 -27 -40 27 18 18 45 25 
75 17 90 54 52 32 24 0 80 -69 55 3 -6 -59 58 -44 -77 89 63 70 37 -58 60 -61 -34 22 99 91 -40 -6 68 -16 17 -31 -3 -3 -5 -32 -91 0 11 -91 94 -57 -88 -44 62 -95 -31 18 -20 16 -27 73 19 22 69 -77 62 -25 34 -74 -13 49 30 0 93 -24 67 -39 99 -82 12 -37 -43 -73 22 -87 -91 -54 10 -37 40 17 -70 -8 -1 -77 -25 95 -76 39 47 -99 -85 -8 -87 -71 -12 17 
-70 -73 90 52 -31 -88 86 -36 -23 -45 87 23 -63 85 37 88 -67 20 2 55 4 -32 68 4 -28 -48 1 -18 93 -36 -57 68 -82 32 -3 16 -90 -29 -83 2 23 15 -39 97 -58 -42 70 -41 52 36 -6 -74 75 46 84 -84 99 -1 41 -65 -41 5 -95 94 -28 -29 25 -76 32 -6 -91 -34 7 38 -71 62 -2 -2 12 31 -67 9 -66 51 38 -39 -78 31 57 -18 32 -13 -90 -25 -52 -57 -27 -87 12 49 
-78 74 88 62 -28 -57 45 -37 -2 31 73 -11 56 79 -62 -66 47 -50 -24 -28 -3 96 -45 83 -79 -40 -17 38 56 13 36 -12 -91 17 -74 -46 25 74 38 -97 88 37 -99 -55 -82 3 9 -17 -89 -25 4 -9 -54 87 -20 31 -33 -86 60 -66 -79 -42 37 68 65 -83 1 -34 69 -28 48 -78 15 -58 -4 85 5 61 66 -4 23 -93 -34 2 96 59 13 85 -84 11 76 -39 -74 5 74 -11 -40 48 41 -33 
50 96 48 0 27 25 -50 73 -76 -68 -19 58 -74 -78 -49 37 -49 -14 33 5 -1 -23 -23 55 -11 -26 -70 -13 -91 35 -33 -29 -78 6 57 78 -99 -83 7 -40 16 88 -69 54 -88 -47 63 75 43 -87 -11 -28 17 -36 34 -25 36 31 -33 45 12 17 87 77 35 -2 -49 47 -96 -61 -34 35 52 51 63 67 29 86 93 -43 -76 61 49 -67 57 79 32 -97 -71 -88 14 67 83 12 36 93 -57 53 -47 9 
47 -55 63 -88 15 1 -98 21 -14 -69 -43 -38 28 -17 48 -88 -6 23 78 -98 -82 79 -47 -2 83 -38 84 26 -99 19 -87 35 -80 -96 21 22 -50 -8 5 -32 -37 50 60 0 -95 -69 63 70 -7 94 -79 -21 -12 28 24 -16 17 -30 35 60 95 -47 -99 61 -13 -81 13 -21 -54 -67 76 12 48 -39 48 -1 3 49 66 42 -80 1 -80 80 -22 63 -56 -70 77 16 67 82 -10 -71 -57 73 7 -79 76 -87 
52 -49 -77 23 66 58 70 -86 -27 92 50 -48 -83 -96 -68 -20 55 -90 -46 26 -91 -4 72 -26 -14 -7 97 64 92 55 -41 74 -5 -79 57 -30 81 62 -28 -51 -52 -94 38 -49 -78 70 -57 -18 97 82 -45 47 46 52 -99 -99 -23 -30 75 0 27 -51 -71 -20 -38 -46 -84 -36 -23 -28 0 59 -84 55 -48 -17 -19 -39 31 97 -71 -93 10 70 5 -94 -51 25 91 1 -11 28 21 38 24 -65 -60 -40 80 57 
80 14 70 -70 93 -20 -99 -49 47 20 -16 -77 -59 -80 89 83 35 33 -33 -91 -45 62 30 -61 80 -31 21 95 80 89 13 -67 -31 -26 -15 -12 -87 -58 -58 83 12 18 -42 -43 -74 -2 -11 49 -66 73 -42 -52 -39 -9 -22 -63 16 -94 -2 27 -7 60 42 -94 -30 91 9 81 -73 19 54 -80 -32 -80 41 88 -25 54 -68 27 -43 -81 -89 33 -59 -80 -38 -51 51 -88 -77 -33 -94 82 61 -49 -8 80 84 70 
22 -69 -69 52 2 3 -14 -9 -47 99 -95 60 -85 38 21 -3 18 -32 6 47 26 66 68 46 -85 15 -61 -29 26 8 -65 34 81 9 8 23 95 63 76 -94 -15 -34 68 -77 42 -33 -28 -47 -66 43 -55 74 -96 -53 -37 -47 32 46 52 -32 84 -7 82 28 86 85 49 93 57 -31 -6 -48 27 30 -64 -53 -78 -90 51 7 -19 26 -62 -18 44 13 -11 3 -75 73 -80 -97 64 59 -19 -35 -85 -14 -37 -90 
-4 30 -80 -37 -6 86 -17 73 -12 92 -16 96 -94 14 -10 -46 28 68 47 -3 -18 -18 -37 12 -5 -90 -65 -53 8 76 47 46 1 44 -35 71 32 41 97 -20 -67 9 25 65 -94 -57 97 13 -6 30 -33 87 -35 -28 -47 40 -54 81 -69 -9 95 -88 82 -59 -38 -59 -5 -72 18 59 33 86 -67 41 10 -63 -13 -87 87 -93 37 80 31 71 26 59 30 94 73 -84 62 -16 66 -8 67 50 -2 58 -64 -71 
-4 -40 0 54 -10 -76 86 -41 -71 27 -55 -44 81 33 -96 -24 92 47 -65 -91 -55 -91 2 20 -62 -10 -68 -83 69 -46 66 -14 -7 -76 28 -37 -86 -27 98 -6 49 31 28 25 -15 -59 17 89 55 84 -46 78 25 -98 -18 25 55 -5 45 17 -95 12 -72 -78 -19 -67 -58 7 -69 1 -37 -83 33 -35 83 -74 58 -50 -79 31 -99 87 20 93 -95 97 46 54 -30 -23 67 -2 39 -82 78 -32 72 58 86 97 
-87 -93 -31 87 67 -82 -7 -15 -60 71 67 -20 -60 56 -92 97 -37 98 -76 85 -41 -34 -18 19 -17 70 -44 -98 9 59 44 13 38 -51 40 30 -35 5 65 -35 8 88 -44 1 -69 -18 62 83 91 -2 -57 -83 -47 63 96 97 -30 -56 -80 12 32 33 32 -58 -14 -90 7 0 -9 86 -86 53 65 32 -8 44 15 18 -31 -98 -25 -38 -72 -90 -86 36 -80 -47 41 -72 -28 68 -83 -96 37 37 -92 -97 -29 82 
-46 -28 -93 26 -55 -97 -35 49 74 98 -75 -45 -59 65 7 -12 38 -40 -95 -61 49 91 4 -89 -50 20 -75 66 53 53 -69 -19 -75 -42 33 -51 29 -69 90 -13 96 2 -46 -27 -7 27 96 -64 57 6 -89 -30 -78 -89 37 -25 -17 40 71 -71 47 -19 -67 0 -84 -65 21 -73 21 89 24 -79 -74 18 88 47 19 19 6 -59 -65 -17 3 -91 -1 -12 -59 -63 2 94 -94 -54 95 -99 58 -13 -87 22 5 89 
-74 90 80 51 -53 30 -47 -13 83 67 -54 -48 30 45 14 -85 -9 44 -32 -81 21 -2 -8 70 -80 -82 -29 -56 -41 -60 33 40 -32 66 74 25 -49 -84 32 98 -19 -91 -10 -39 85 53 -80 54 51 42 39 -29 -51 42 85 -88 -33 85 -34 -89 -46 52 76 3 -17 -26 -78 -75 -14 46 3 38 54 -51 10 -65 -16 82 54 -7 80 -80 -19 -7 -75 -45 0 31 20 67 13 9 -45 61 -35 47 95 51 -30 40 
42 44 10 -67 -47 -19 90 74 35 -37 -89 97 -99 42 89 -63 95 35 13 -46 -66 29 -65 -25 6 -80 27 84 99 -66 28 67 -56 37 -59 -36 87 81 94 88 95 78 -52 62 2 -17 86 47 -65 -57 83 69 0 -8 -12 -52 -90 -41 -54 -20 44 -93 14 -71 -94 -79 -91 5 34 65 5 91 76 57 -20 -95 -35 92 -98 -95 54 -93 -9 -39 -26 5 -97 -95 23 27 -26 -80 -24 80 -38 -87 38 -68 -47 41 
25 88 11 33 50 6 86 66 32 -56 80 -15 29 -24 -29 84 -4 -26 -20 97 29 -5 65 53 -54 6 0 -86 66 40 -7 60 -12 66 -98 63 23 -80 79 -37 -73 96 10 72 -29 22 95 96 58 0 -77 -59 47 40 -82 -78 -79 -83 84 -71 27 36 21 6 37 -76 -36 0 -15 -12 97 97 -24 -59 62 -79 67 28 -96 -51 20 -76 18 19 -75 -23 -53 80 -20 -73 -33 94 -39 79 -87 -42 34 -44 96 96 
58 21 -66 -76 -89 -42 57 51 26 50 36 5 -96 -51 5 50 81 -42 -94 -28 79 0 34 4 40 87 13 -26 1 39 28 -27 48 -75 30 51 95 -34 -81 -94 -79 -71 26 42 -54 -7 81 16 22 30 -3 81 -2 -97 64 -60 56 -52 -62 96 9 0 68 19 36 -14 -65 58 -49 4 67 54 -51 97 7 -20 16 -26 -23 54 0 33 31 12 -51 65 -12 57 74 18 87 -38 -50 -57 -82 -62 48 53 89 37 
-26 -65 -61 -75 90 41 -99 -96 -90 96 -33 -94 -16 92 19 -49 -65 69 -26 -92 -67 -60 30 -75 48 -36 52 93 82 -73 1 16 -17 64 49 58 53 96 -89 -18 85 -64 83 -24 -50 57 -21 -17 -2 43 92 -7 48 60 -61 64 -26 9 -4 -39 -14 -6 40 82 -11 13 -65 -84 41 -21 21 -27 47 3 38 49 62 -99 94 -26 52 -55 -41 52 -17 2 -68 15 -42 -32 44 -21 -36 -15 -51 8 -55 -48 -53 -94 
77 9 56 -82 -58 -67 -57 45 79 40 92 -44 -35 -3 -18 71 -69 -4 60 -50 -96 -9 -37 -76 22 0 -6 46 41 -73 -99 14 74 4 -5 37 14 -96 34 -72 -62 -56 26 72 -64 -90 -14 7 -96 78 13 19 -69 61 22 2 -50 46 82 -9 -67 22 91 -91 -99 -78 -10 -37 -14 -78 49 54 99 15 -80 -79 -96 -87 58 83 93 6 2 -54 -97 -82 73 -59 91 69 -68 17 -4 -24 -26 3 -48 63 -49 -12 
-41 98 8 88 -28 14 18 -14 80 45 0 -57 15 -62 14 -38 78 -92 81 40 94 31 41 -89 -23 45 71 -17 -97 87 -89 13 34 20 -1 -81 -12 -39 0 -93 62 27 31 -83 -73 90 -2 -27 -31 57 63 99 -12 -49 -6 13 -71 -74 -21 97 -49 -37 20 -69 0 -52 67 -86 -84 69 63 -36 -2 7 39 -95 61 98 35 28 54 -19 7 -65 -46 -12 -2 -79 -75 -22 -55 60 5 -36 -32 85 -36 77 -1 6 
-81 -10 -44 -55 -10 64 38 35 -85 38 -66 -21 34 -14 -20 92 -90 33 -69 -60 53 -15 -65 -43 -94 37 -98 -85 -73 -26 66 -73 -78 -76 -69 25 -47 5 21 -72 -23 -34 76 -97 -57 -50 -43 -91 -95 -3 84 -14 -67 65 -63 -2 -45 -78 3 30 19 2 38 -43 -82 -78 -16 -34 -27 -86 8 98 -65 -33 8 4 79 61 -57 -14 -60 -62 -11 16 20 85 1 39 50 42 15 -56 -27 5 -46 70 25 -28 29 -99 
86 32 68 15 0 -51 -10 -48 58 71 3 -80 79 -54 93 -4 45 -18 -20 48 -33 -99 44 -33 34 63 46 53 -19 78 -4 10 -66 -74 50 -21 -43 29 -18 -52 81 96 71 38 58 -17 1 87 -99 27 94 -48 75 62 -37 63 -60 -4 -15 55 14 -15 54 -99 -30 -42 -1 -8 -71 -82 5 -80 -65 -39 -44 39 -68 -96 67 -33 -67 47 15 38 -32 -56 87 19 7 -36 66 -57 -18 -10 -12 -72 -77 -77 19 6 
17 34 39 12 -44 24 -38 33 -71 -31 66 -62 31 4 -71 96 -73 88 64 8 -72 -6 -42 9 -57 -65 -97 37 -50 7 38 15 5 -99 17 -92 -42 -35 -95 85 -57 59 5 -48 -16 87 -45 -3 6 76 92 -60 -28 -25 -54 92 -93 33 4 -23 -18 20 95 -86 59 35 -2 -57 -77 -97 59 29 -77 29 36 57 83 -25 -1 2 -9 -59 37 -6 -85 -9 97 97 -35 -10 83 -5 71 68 -93 -77 -24 -62 -40 71 
-10 79 -56 80 -72 28 80 55 63 -29 -94 -55 -73 66 21 85 63 78 45 -15 -61 -94 41 -97 28 -9 -56 -1 27 22 -65 -59 -79 -40 -11 35 30 -60 3 86 -80 -16 39 -85 -43 84 86 -86 -17 3 -95 -28 5 -37 62 28 -26 -19 -29 36 50 -44 79 4 86 -8 -79 94 50 67 -64 -98 -70 -84 -95 -56 -87 10 -37 -83 68 56 86 20 -53 20 -74 86 48 53 -3 -88 47 -79 -60 -8 37 -55 -89 -54 
-82 11 68 66 58 -38 -88 54 72 16 54 5 -43 26 -12 -92 -87 -85 90 88 -8 47 97 64 9 -23 -28 -23 74 -63 -2 -59 33 -77 -5 76 1 0 31 94 -3 -2 53 -48 34 -70 1 -14 97 -70 -2 32 3 -82 95 -20 5 57 -62 27 -80 -35 -15 -85 -42 19 77 -45 -85 14 91 -42 -80 98 89 -46 -6 -30 -30 -15 9 -66 23 -1 18 45 -81 -68 -47 -65 77 -28 -39 33 -6 67 9 -83 -29 -57 
-96 66 60 -61 57 21 45 -66 33 6 95 43 -25 62 82 -25 9 13 68 -81 28 -87 33 25 7 -47 -9 29 58 -24 -93 -67 -83 52 -14 -98 54 22 -4 92 -18 49 -43 -7 7 -48 -29 -98 -57 60 53 13 69 99 -42 -12 77 -62 88 44 27 66 45 -25 36 -89 -63 39 38 39 40 95 26 -87 -69 -23 -11 -13 44 25 16 26 -72 55 19 7 19 -32 -99 -79 62 -17 -50 18 -98 97 33 -45 2 15 
9 44 -4 -53 86 78 -25 -53 -1 87 -49 -23 -35 62 -21 88 91 10 75 -36 10 18 17 98 68 -57 -90 47 28 -45 20 -34 -79 99 -69 42 93 70 78 -58 -41 -52 76 87 58 19 10 -92 65 88 98 67 59 24 -12 -88 -12 9 5 -66 86 44 -77 -80 -96 47 12 49 -98 20 -83 -12 32 2 54 -2 -93 43 53 -70 58 28 93 -26 -74 87 -13 -44 49 -93 84 56 -97 -8 35 -72 1 9 -83 -34 
36 -13 44 97 -66 -91 -84 87 32 -98 86 -26 16 46 -68 80 -25 -52 81 40 89 45 -26 -85 90 -4 -88 34 42 57 74 77 3 32 62 -98 0 75 -77 -13 13 42 -15 -44 -9 -52 -71 70 -20 -31 35 -42 38 -40 -35 -74 55 -59 -92 -36 45 59 -19 -98 -84 49 -41 -50 95 85 85 91 -66 -61 -41 72 -87 91 38 69 37 -65 45 28 2 -84 86 -88 91 -39 -55 -95 -38 39 -35 4 65 94 -70 18 
18 24 55 93 -34 44 26 27 -70 11 -95 89 71 88 -35 -81 70 49 18 -91 0 -57 95 -2 44 19 68 85 -52 -6 26 -81 56 75 37 -54 -49 -2 49 -11 66 -10 53 35 63 97 60 -58 -56 -16 25 50 -63 97 75 -62 -63 49 -85 -78 80 -23 -34 0 54 -83 84 -98 -46 45 -84 86 44 58 -69 -55 -65 28 -79 70 -37 -76 -93 80 39 37 -92 -73 26 31 -81 -54 -48 -93 -23 -5 21 -7 41 -39 
27 -67 -8 -94 -21 2 -42 -53 -11 -7 50 47 -62 -79 -79 56 -91 47 -49 -70 11 -43 40 0 -43 38 21 -29 53 52 56 -60 -30 7 -34 -37 95 57 13 94 -79 46 17 -5 -40 22 -85 8 9 -57 21 -54 91 -92 -24 -62 72 35 84 -73 10 -13 45 7 52 23 79 45 79 54 48 64 44 -69 -42 -80 25 -74 95 -88 25 37 -63 17 -61 -56 19 -44 -58 -8 -11 76 -25 -8 -48 44 69 6 -22 73 
85 86 76 27 -90 51 28 34 -46 53 19 81 44 2 -78 22 -38 -45 -61 77 99 58 44 -10 64 54 13 64 47 73 0 -55 -35 49 -13 11 46 45 0 -86 -12 -57 -5 -47 -74 39 -28 -58 64 3 15 -88 -25 -83 55 -67 -13 -7 76 41 -30 -43 11 -97 80 -88 -46 -67 87 -90 69 -64 -62 26 15 23 93 -6 27 -34 17 -61 -9 63 70 -79 -85 19 82 72 32 -25 -51 -3 9 60 14 -40 43 -26 
-56 87 60 33 -98 13 -62 96 29 58 -86 -39 45 -10 -60 -22 -75 97 -55 -90 34 -74 54 9 -12 -70 96 99 -17 -4 38 31 72 76 91 -92 88 -98 48 -66 -96 -73 -44 -98 -65 -43 36 99 -21 -37 -40 61 71 63 9 72 -56 14 -6 -24 34 -74 91 -41 -90 14 2 45 18 -91 -62 75 55 -52 82 34 -46 -36 20 40 -90 -32 -65 99 10 -45 -26 67 -8 -69 48 -80 -56 -11 -61 -2 -31 -26 73 92 
28 -93 32 3 -42 61 -22 35 79 69 45 68 -47 28 60 -16 -22 91 81 -90 24 -18 50 68 -43 24 98 -51 19 63 51 -6 82 84 80 -68 -51 -43 89 17 83 19 24 0 76 -71 -4 92 -47 -18 -80 -82 -39 43 -72 -34 70 -48 -72 77 15 -2 -1 -81 -5 24 -5 -41 37 -68 -4 -57 -44 27 37 0 68 -78 89 -3 15 -78 -13 45 -59 95 4 71 -70 53 92 -44 26 27 40 57 -45 43 98 67 
-90 23 -90 70 26 32 72 -58 60 -53 -75 76 98 -47 51 39 55 -74 4 89 99 -17 52 46 -57 73 -88 -60 -22 -71 -17 71 -86 -23 0 25 -13 -19 63 90 78 -71 27 86 47 31 57 -81 41 10 -73 87 -27 -55 73 -93 -53 86 12 -3 71 58 20 -37 3 34 86 -50 41 76 -33 13 71 -78 -42 49 -81 -98 -18 -85 42 -87 82 5 -90 52 59 -93 38 -25 74 39 -13 -51 -85 -86 -75 71 -46 -83 
-1 88 94 22 92 78 50 -82 15 6 -58 35 -28 95 -62 26 77 -66 -4 16 -66 -88 -88 -17 21 -91 30 88 3 -29 46 78 87 -16 -99 70 -23 -84 6 24 -8 98 -81 25 -48 -83 -70 52 46 85 -34 -23 93 -31 53 -25 -7 -53 -68 -92 43 26 -98 -99 -73 49 -8 87 6 62 -12 -58 -65 13 28 4 -77 65 -15 -42 51 -66 89 41 -29 -87 -65 -36 -40 -4 -49 -57 -99 -21 50 53 -76 18 -36 -91 
-67 -52 45 99 28 92 -15 -23 -52 -24 96 -58 54 -11 28 90 -38 69 70 -18 11 52 -46 44 -8 26 64 -75 -34 -69 49 -29 90 -71 -24 27 4 -76 56 -70 -53 38 53 -36 -92 24 -6 -41 -67 89 38 -39 -28 -59 67 46 -77 66 39 54 -8 -8 5 -76 -62 -46 -59 1 -16 -81 -6 -5 -68 -14 74 -26 7 64 -13 -55 -50 -13 -34 -37 96 38 -54 15 -32 -82 -13 76 -74 -40 -58 63 -29 -2 -93 -36 

